1 14 0.681250 0.698438 0.450000 0.478125
2 14 0.681250 0.698438 0.450000 0.478125
3 14 0.681250 0.698438 0.450000 0.478125
4 14 0.681250 0.698438 0.450000 0.478125
5 14 0.681250 0.698438 0.450000 0.478125
6 14 0.681250 0.698438 0.450000 0.478125
7 14 0.681250 0.698438 0.450000 0.478125
8 14 0.681250 0.698438 0.450000 0.478125
9 14 0.681250 0.698438 0.450000 0.478125
10 14 0.681250 0.698438 0.450000 0.478125
11 14 0.681250 0.698438 0.450000 0.478125
12 14 0.681250 0.698438 0.450000 0.478125
13 7 0.796875 0.706250 0.406250 0.512500
14 7 0.796484 0.710547 0.406250 0.512500
15 7 0.796094 0.714844 0.406250 0.512500
16 7 0.795703 0.719141 0.406250 0.512500
17 7 0.795312 0.723437 0.406250 0.512500
18 7 0.794922 0.727734 0.406250 0.512500
19 7 0.794531 0.732031 0.406250 0.512500
20 7 0.794141 0.736328 0.406250 0.512500
21 7 0.793750 0.740625 0.406250 0.512500
22 7 0.793750 0.740625 0.406250 0.512500
23 7 0.793750 0.740625 0.406250 0.512500
24 7 0.793750 0.740625 0.406250 0.512500
25 7 0.793750 0.740625 0.406250 0.512500
26 7 0.793750 0.740625 0.406250 0.512500
27 7 0.793750 0.740625 0.406250 0.512500
28 7 0.793750 0.740625 0.406250 0.512500
29 7 0.793750 0.740625 0.406250 0.512500
30 14 0.681250 0.698438 0.450000 0.478125
31 14 0.665625 0.669687 0.450000 0.478125
32 14 0.650000 0.640938 0.450000 0.478125
33 14 0.634375 0.612187 0.450000 0.478125
34 14 0.618750 0.583437 0.450000 0.478125
35 14 0.603125 0.554687 0.450000 0.478125
36 14 0.603125 0.548437 0.450000 0.478125
37 14 0.603125 0.542187 0.450000 0.478125
38 14 0.603125 0.535937 0.450000 0.478125
39 14 0.603125 0.529687 0.450000 0.478125
40 14 0.603125 0.529687 0.450000 0.478125
41 14 0.603125 0.529687 0.450000 0.478125
42 14 0.603125 0.529687 0.450000 0.478125
43 14 0.603125 0.529687 0.450000 0.478125
44 7 0.618750 0.525000 0.406250 0.512500
45 7 0.618750 0.525000 0.406250 0.512500
46 7 0.618750 0.525000 0.406250 0.512500
47 7 0.618750 0.525000 0.406250 0.512500
48 7 0.618750 0.525000 0.406250 0.512500
49 7 0.618750 0.525000 0.406250 0.512500
50 7 0.618750 0.525000 0.406250 0.512500
51 7 0.618750 0.525000 0.406250 0.512500
52 7 0.618750 0.525000 0.406250 0.512500
53 7 0.618750 0.525000 0.406250 0.512500
54 14 0.593750 0.595313 0.450000 0.478125
55 14 0.580208 0.590625 0.450000 0.478125
56 14 0.566667 0.585938 0.450000 0.478125
57 14 0.553125 0.581250 0.450000 0.478125
58 14 0.539583 0.576562 0.450000 0.478125
59 14 0.526042 0.571875 0.450000 0.478125
60 14 0.512500 0.567187 0.450000 0.478125
61 14 0.496875 0.568750 0.450000 0.478125
62 14 0.481250 0.570312 0.450000 0.478125
63 14 0.465625 0.571875 0.450000 0.478125
64 14 0.450000 0.573438 0.450000 0.478125
65 14 0.450000 0.573438 0.450000 0.478125
66 14 0.450000 0.573438 0.450000 0.478125
67 14 0.450000 0.573438 0.450000 0.478125
68 14 0.450000 0.573438 0.450000 0.478125
69 7 0.493750 0.568750 0.406250 0.512500
70 7 0.496354 0.577083 0.406250 0.512500
71 7 0.498958 0.585417 0.406250 0.512500
72 7 0.501563 0.593750 0.406250 0.512500
73 7 0.504167 0.602083 0.406250 0.512500
74 7 0.506771 0.610417 0.406250 0.512500
75 7 0.509375 0.618750 0.406250 0.512500
76 7 0.511979 0.627083 0.406250 0.512500
77 7 0.514583 0.635417 0.406250 0.512500
78 7 0.517188 0.643750 0.406250 0.512500
79 7 0.519792 0.652083 0.406250 0.512500
80 7 0.522396 0.660417 0.406250 0.512500
81 7 0.525000 0.668750 0.406250 0.512500
82 7 0.525000 0.668750 0.406250 0.512500
83 14 0.543750 0.667188 0.450000 0.478125
84 14 0.549375 0.678438 0.450000 0.478125
85 14 0.555000 0.689688 0.450000 0.478125
86 14 0.560625 0.700937 0.450000 0.478125
87 14 0.566250 0.712187 0.450000 0.478125
88 14 0.571875 0.723437 0.450000 0.478125
89 14 0.571875 0.723437 0.450000 0.478125
90 14 0.571875 0.723437 0.450000 0.478125
91 14 0.571875 0.723437 0.450000 0.478125
92 7 0.621875 0.734375 0.406250 0.512500
93 7 0.621875 0.734375 0.406250 0.512500
94 7 0.621875 0.734375 0.406250 0.512500
95 7 0.621875 0.734375 0.406250 0.512500
96 7 0.621875 0.734375 0.406250 0.512500
97 7 0.621875 0.734375 0.406250 0.512500
98 7 0.621875 0.734375 0.406250 0.512500
99 7 0.621875 0.734375 0.406250 0.512500
100 7 0.621875 0.734375 0.406250 0.512500
101 7 0.621875 0.734375 0.406250 0.512500
102 7 0.621875 0.734375 0.406250 0.512500
103 7 0.621875 0.734375 0.406250 0.512500
104 7 0.621875 0.734375 0.406250 0.512500
105 7 0.621875 0.734375 0.406250 0.512500
106 7 0.621875 0.734375 0.406250 0.512500
107 14 0.696875 0.701562 0.450000 0.478125
108 14 0.711875 0.699063 0.450000 0.478125
109 14 0.726875 0.696562 0.450000 0.478125
110 14 0.741875 0.694063 0.450000 0.478125
111 14 0.756875 0.691562 0.450000 0.478125
112 14 0.771875 0.689063 0.450000 0.478125
113 14 0.771875 0.689063 0.450000 0.478125
114 14 0.771875 0.689063 0.450000 0.478125
115 14 0.771875 0.689063 0.450000 0.478125
116 7 0.793750 0.740625 0.406250 0.512500
117 7 0.793750 0.740625 0.406250 0.512500
118 7 0.793750 0.740625 0.406250 0.512500
119 7 0.793750 0.740625 0.406250 0.512500
120 7 0.793750 0.740625 0.406250 0.512500
121 7 0.793750 0.740625 0.406250 0.512500
122 7 0.793750 0.740625 0.406250 0.512500
123 7 0.793750 0.740625 0.406250 0.512500
124 7 0.793750 0.740625 0.406250 0.512500
125 7 0.793750 0.740625 0.406250 0.512500
126 7 0.793750 0.740625 0.406250 0.512500
127 7 0.793750 0.740625 0.406250 0.512500
128 7 0.793750 0.740625 0.406250 0.512500
129 14 0.721875 0.695312 0.450000 0.478125
130 14 0.707500 0.683438 0.450000 0.478125
131 14 0.693125 0.671562 0.450000 0.478125
132 14 0.678750 0.659687 0.450000 0.478125
133 14 0.664375 0.647813 0.450000 0.478125
134 14 0.650000 0.635938 0.450000 0.478125
135 14 0.646875 0.632188 0.450000 0.478125
136 14 0.643750 0.628437 0.450000 0.478125
137 14 0.640625 0.624687 0.450000 0.478125
138 14 0.637500 0.620938 0.450000 0.478125
139 14 0.634375 0.617188 0.450000 0.478125
140 14 0.634375 0.617188 0.450000 0.478125
141 14 0.634375 0.617188 0.450000 0.478125
142 7 0.618750 0.631250 0.406250 0.512500
143 7 0.618750 0.631250 0.406250 0.512500
144 7 0.618750 0.631250 0.406250 0.512500
145 7 0.618750 0.631250 0.406250 0.512500
146 7 0.618750 0.631250 0.406250 0.512500
147 7 0.618750 0.631250 0.406250 0.512500
148 7 0.618750 0.631250 0.406250 0.512500
149 7 0.618750 0.631250 0.406250 0.512500
150 14 0.634375 0.617188 0.450000 0.478125
151 14 0.624107 0.609598 0.450000 0.478125
152 14 0.613839 0.602009 0.450000 0.478125
153 14 0.603571 0.594420 0.450000 0.478125
154 14 0.593304 0.586830 0.450000 0.478125
155 14 0.583036 0.579241 0.450000 0.478125
156 14 0.572768 0.571652 0.450000 0.478125
157 14 0.562500 0.564063 0.450000 0.478125
158 14 0.551562 0.556250 0.450000 0.478125
159 14 0.540625 0.548438 0.450000 0.478125
160 14 0.529687 0.540625 0.450000 0.478125
161 14 0.518750 0.532813 0.450000 0.478125
162 14 0.508333 0.521354 0.450000 0.478125
163 14 0.497917 0.509896 0.450000 0.478125
164 14 0.487500 0.498437 0.450000 0.478125
165 14 0.464583 0.486979 0.450000 0.478125
166 14 0.441667 0.475521 0.450000 0.478125
167 14 0.418750 0.464062 0.450000 0.478125
168 14 0.418750 0.464062 0.450000 0.478125
169 7 0.490625 0.462500 0.406250 0.512500
170 7 0.490625 0.462500 0.406250 0.512500
171 7 0.490625 0.462500 0.406250 0.512500
172 7 0.490625 0.462500 0.406250 0.512500
173 7 0.490625 0.462500 0.406250 0.512500
174 7 0.490625 0.462500 0.406250 0.512500
175 7 0.490625 0.462500 0.406250 0.512500
176 7 0.490625 0.462500 0.406250 0.512500
177 7 0.490625 0.462500 0.406250 0.512500
178 14 0.459375 0.542188 0.450000 0.478125
179 14 0.471429 0.551562 0.450000 0.478125
180 14 0.483482 0.560937 0.450000 0.478125
181 14 0.495536 0.570312 0.450000 0.478125
182 14 0.507589 0.579688 0.450000 0.478125
183 14 0.519643 0.589063 0.450000 0.478125
184 14 0.531696 0.598437 0.450000 0.478125
185 14 0.543750 0.607812 0.450000 0.478125
186 14 0.549219 0.634375 0.450000 0.478125
187 14 0.554688 0.660937 0.450000 0.478125
188 14 0.560156 0.687500 0.450000 0.478125
189 14 0.565625 0.714063 0.450000 0.478125
190 14 0.565625 0.714063 0.450000 0.478125
191 14 0.565625 0.714063 0.450000 0.478125
192 14 0.565625 0.714063 0.450000 0.478125
193 14 0.565625 0.714063 0.450000 0.478125
194 14 0.565625 0.714063 0.450000 0.478125
195 7 0.553125 0.731250 0.406250 0.512500
196 7 0.560312 0.732187 0.406250 0.512500
197 7 0.567500 0.733125 0.406250 0.512500
198 7 0.574688 0.734062 0.406250 0.512500
199 7 0.581875 0.735000 0.406250 0.512500
200 7 0.589063 0.735938 0.406250 0.512500
201 7 0.596250 0.736875 0.406250 0.512500
202 7 0.603437 0.737812 0.406250 0.512500
203 7 0.610625 0.738750 0.406250 0.512500
204 7 0.617812 0.739688 0.406250 0.512500
205 7 0.625000 0.740625 0.406250 0.512500
206 7 0.625000 0.740625 0.406250 0.512500
207 7 0.625000 0.740625 0.406250 0.512500
208 7 0.625000 0.740625 0.406250 0.512500
209 14 0.656250 0.745313 0.450000 0.478125
210 14 0.675521 0.744271 0.450000 0.478125
211 14 0.694792 0.743229 0.450000 0.478125
212 14 0.714063 0.742188 0.450000 0.478125
213 14 0.733333 0.741146 0.450000 0.478125
214 14 0.752604 0.740104 0.450000 0.478125
215 14 0.771875 0.739063 0.450000 0.478125
216 14 0.771875 0.739063 0.450000 0.478125
217 14 0.771875 0.739063 0.450000 0.478125
218 14 0.771875 0.739063 0.450000 0.478125
219 7 0.718750 0.740625 0.406250 0.512500
220 7 0.725521 0.740625 0.406250 0.512500
221 7 0.732292 0.740625 0.406250 0.512500
222 7 0.739063 0.740625 0.406250 0.512500
223 7 0.745833 0.740625 0.406250 0.512500
224 7 0.752604 0.740625 0.406250 0.512500
225 7 0.759375 0.740625 0.406250 0.512500
226 7 0.759375 0.740625 0.406250 0.512500
227 7 0.759375 0.740625 0.406250 0.512500
228 7 0.759375 0.740625 0.406250 0.512500
229 14 0.771875 0.757812 0.450000 0.478125
230 14 0.771875 0.734375 0.450000 0.478125
231 14 0.771875 0.710938 0.450000 0.478125
232 14 0.771875 0.687500 0.450000 0.478125
233 14 0.771875 0.664062 0.450000 0.478125
234 14 0.771875 0.646484 0.450000 0.482031
235 14 0.771875 0.628906 0.450000 0.485938
236 14 0.771875 0.611328 0.450000 0.489844
237 14 0.771875 0.593750 0.450000 0.493750
238 14 0.771875 0.580208 0.450000 0.493750
239 14 0.771875 0.566667 0.450000 0.493750
240 14 0.771875 0.553125 0.450000 0.493750
241 14 0.771875 0.553125 0.450000 0.493750
242 7 0.793750 0.584375 0.406250 0.512500
243 7 0.793750 0.584375 0.406250 0.512500
244 7 0.793750 0.584375 0.406250 0.512500
245 7 0.793750 0.584375 0.406250 0.512500
246 7 0.793750 0.584375 0.406250 0.512500
247 7 0.793750 0.584375 0.406250 0.512500
248 7 0.793750 0.584375 0.406250 0.512500
249 7 0.793750 0.584375 0.406250 0.512500
250 7 0.793750 0.584375 0.406250 0.512500
251 7 0.793750 0.584375 0.406250 0.512500
252 7 0.793750 0.584375 0.406250 0.512500
253 7 0.793750 0.584375 0.406250 0.512500
254 14 0.771875 0.553125 0.450000 0.493750
255 14 0.768056 0.547569 0.450000 0.493750
256 14 0.764236 0.542014 0.450000 0.493750
257 14 0.760417 0.536458 0.450000 0.493750
258 14 0.756597 0.530903 0.450000 0.493750
259 14 0.752778 0.525347 0.450000 0.493750
260 14 0.748958 0.519792 0.450000 0.493750
261 14 0.745139 0.514236 0.450000 0.493750
262 14 0.741319 0.508681 0.450000 0.493750
263 14 0.737500 0.503125 0.450000 0.493750
264 14 0.712500 0.483333 0.450000 0.493750
265 14 0.687500 0.463542 0.450000 0.493750
266 14 0.662500 0.443750 0.450000 0.493750
267 14 0.662500 0.443750 0.450000 0.493750
268 14 0.662500 0.443750 0.450000 0.493750
269 7 0.693750 0.487500 0.406250 0.512500
270 7 0.693750 0.487500 0.406250 0.512500
271 7 0.693750 0.487500 0.406250 0.512500
272 7 0.693750 0.487500 0.406250 0.512500
273 7 0.693750 0.487500 0.406250 0.512500
274 7 0.693750 0.487500 0.406250 0.512500
275 7 0.693750 0.487500 0.406250 0.512500
276 7 0.693750 0.487500 0.406250 0.512500
277 7 0.693750 0.487500 0.406250 0.512500
278 14 0.659375 0.515625 0.450000 0.493750
279 14 0.650893 0.511607 0.450000 0.493750
280 14 0.642411 0.507589 0.450000 0.493750
281 14 0.633929 0.503571 0.450000 0.493750
282 14 0.625446 0.499554 0.450000 0.493750
283 14 0.616964 0.495536 0.450000 0.493750
284 14 0.608482 0.491518 0.450000 0.493750
285 14 0.600000 0.487500 0.450000 0.493750
286 14 0.581250 0.467708 0.450000 0.493750
287 14 0.562500 0.447917 0.450000 0.493750
288 14 0.543750 0.428125 0.450000 0.493750
289 14 0.525521 0.424479 0.450000 0.493750
290 14 0.507292 0.420833 0.450000 0.493750
291 14 0.489063 0.417188 0.450000 0.493750
292 14 0.470833 0.413542 0.450000 0.493750
293 14 0.452604 0.409896 0.450000 0.493750
294 14 0.434375 0.406250 0.450000 0.493750
295 7 0.471875 0.431250 0.406250 0.512500
296 7 0.478125 0.434766 0.406250 0.512500
297 7 0.484375 0.438281 0.406250 0.512500
298 7 0.490625 0.441797 0.406250 0.512500
299 7 0.496875 0.445312 0.406250 0.512500
300 7 0.503125 0.448828 0.406250 0.512500
301 7 0.509375 0.452344 0.406250 0.512500
302 7 0.515625 0.455859 0.406250 0.512500
303 7 0.521875 0.459375 0.406250 0.512500
304 7 0.521875 0.459375 0.406250 0.512500
305 7 0.521875 0.459375 0.406250 0.512500
306 14 0.481250 0.453125 0.450000 0.493750
307 14 0.501875 0.459375 0.450000 0.493750
308 14 0.522500 0.465625 0.450000 0.493750
309 14 0.543125 0.471875 0.450000 0.493750
310 14 0.563750 0.478125 0.450000 0.493750
311 14 0.584375 0.484375 0.450000 0.493750
312 14 0.604167 0.484375 0.450000 0.493750
313 14 0.623958 0.484375 0.450000 0.493750
314 14 0.643750 0.484375 0.450000 0.493750
315 14 0.660156 0.493750 0.450000 0.493750
316 14 0.676562 0.503125 0.450000 0.493750
317 14 0.692969 0.512500 0.450000 0.493750
318 14 0.709375 0.521875 0.450000 0.493750
319 14 0.709375 0.521875 0.450000 0.493750
320 7 0.706250 0.543750 0.406250 0.512500
321 7 0.714063 0.584375 0.406250 0.512500
322 7 0.721875 0.625000 0.406250 0.512500
323 7 0.729688 0.665625 0.406250 0.512500
324 7 0.737500 0.706250 0.406250 0.512500
325 7 0.737500 0.706250 0.406250 0.512500
326 7 0.737500 0.706250 0.406250 0.512500
327 7 0.737500 0.706250 0.406250 0.512500
328 7 0.737500 0.706250 0.406250 0.512500
329 14 0.712500 0.693750 0.450000 0.493750
330 14 0.720982 0.701786 0.450000 0.493750
331 14 0.729464 0.709821 0.450000 0.493750
332 14 0.737946 0.717857 0.450000 0.493750
333 14 0.746429 0.725893 0.450000 0.493750
334 14 0.754911 0.733929 0.450000 0.493750
335 14 0.763393 0.741964 0.450000 0.493750
336 14 0.771875 0.750000 0.450000 0.493750
337 14 0.771875 0.750000 0.450000 0.493750
338 14 0.771875 0.750000 0.450000 0.493750
339 14 0.771875 0.750000 0.450000 0.493750
340 14 0.771875 0.750000 0.450000 0.493750
341 14 0.771875 0.750000 0.450000 0.493750
342 7 0.793750 0.740625 0.406250 0.512500
343 7 0.793750 0.740625 0.406250 0.512500
344 7 0.793750 0.740625 0.406250 0.512500
345 7 0.793750 0.740625 0.406250 0.512500
346 7 0.793750 0.740625 0.406250 0.512500
347 7 0.793750 0.740625 0.406250 0.512500
348 7 0.793750 0.740625 0.406250 0.512500
349 7 0.793750 0.740625 0.406250 0.512500
350 7 0.793750 0.740625 0.406250 0.512500
351 7 0.793750 0.740625 0.406250 0.512500
352 7 0.793750 0.740625 0.406250 0.512500
353 7 0.793750 0.740625 0.406250 0.512500
354 7 0.793750 0.740625 0.406250 0.512500
355 7 0.793750 0.740625 0.406250 0.512500
356 7 0.793750 0.740625 0.406250 0.512500
357 14 0.771875 0.750000 0.450000 0.493750
358 14 0.771875 0.750000 0.450000 0.493750
359 14 0.771875 0.750000 0.450000 0.493750
360 14 0.771875 0.750000 0.450000 0.493750
361 14 0.771875 0.750000 0.450000 0.493750
362 14 0.771875 0.750000 0.450000 0.493750
363 14 0.771875 0.750000 0.450000 0.493750
364 14 0.771875 0.750000 0.450000 0.493750
365 14 0.771875 0.750000 0.450000 0.493750
366 7 0.793750 0.740625 0.406250 0.512500
367 7 0.778125 0.740625 0.406250 0.512500
368 7 0.762500 0.740625 0.406250 0.512500
369 7 0.746875 0.740625 0.406250 0.512500
370 7 0.731250 0.740625 0.406250 0.512500
371 7 0.731250 0.740625 0.406250 0.512500
372 7 0.731250 0.740625 0.406250 0.512500
373 7 0.731250 0.740625 0.406250 0.512500
374 7 0.731250 0.740625 0.406250 0.512500
375 7 0.731250 0.740625 0.406250 0.512500
376 7 0.731250 0.740625 0.406250 0.512500
377 7 0.731250 0.740625 0.406250 0.512500
378 7 0.731250 0.740625 0.406250 0.512500
379 7 0.731250 0.740625 0.406250 0.512500
380 7 0.731250 0.740625 0.406250 0.512500
381 14 0.765625 0.750000 0.450000 0.493750
382 14 0.750000 0.750000 0.450000 0.493750
383 14 0.734375 0.750000 0.450000 0.493750
384 14 0.718750 0.750000 0.450000 0.493750
385 14 0.703125 0.750000 0.450000 0.493750
386 14 0.687500 0.750000 0.450000 0.493750
387 14 0.673438 0.750000 0.450000 0.493750
388 14 0.659375 0.750000 0.450000 0.493750
389 14 0.645313 0.750000 0.450000 0.493750
390 14 0.631250 0.750000 0.450000 0.493750
391 14 0.609896 0.750000 0.450000 0.493750
392 14 0.588542 0.750000 0.450000 0.493750
393 14 0.567188 0.750000 0.450000 0.493750
394 14 0.545833 0.750000 0.450000 0.493750
395 14 0.524479 0.750000 0.450000 0.493750
396 14 0.503125 0.750000 0.450000 0.493750
397 14 0.503125 0.750000 0.450000 0.493750
398 14 0.503125 0.750000 0.450000 0.493750
399 7 0.584375 0.740625 0.406250 0.512500
400 7 0.584375 0.740625 0.406250 0.512500
401 7 0.584375 0.740625 0.406250 0.512500
402 7 0.584375 0.740625 0.406250 0.512500
403 7 0.584375 0.740625 0.406250 0.512500
404 7 0.584375 0.740625 0.406250 0.512500
405 7 0.584375 0.740625 0.406250 0.512500
