1 7 0.604688 0.607812 0.446875 0.534375
2 7 0.604688 0.607812 0.446875 0.534375
3 7 0.604688 0.607812 0.446875 0.534375
4 7 0.604688 0.607812 0.446875 0.534375
5 7 0.604688 0.607812 0.446875 0.534375
6 7 0.604688 0.607812 0.446875 0.534375
7 7 0.604688 0.607812 0.446875 0.534375
8 7 0.604688 0.607812 0.446875 0.534375
9 7 0.604688 0.607812 0.446875 0.534375
10 7 0.604688 0.607812 0.446875 0.534375
11 7 0.604688 0.607812 0.446875 0.534375
12 7 0.604688 0.607812 0.446875 0.534375
13 7 0.604688 0.607812 0.446875 0.534375
14 7 0.604688 0.607812 0.446875 0.534375
15 7 0.604688 0.607812 0.446875 0.534375
16 7 0.604688 0.607812 0.446875 0.534375
17 7 0.604688 0.607812 0.446875 0.534375
18 7 0.604688 0.607812 0.446875 0.534375
19 7 0.604688 0.607812 0.446875 0.534375
20 7 0.604688 0.607812 0.446875 0.534375
21 7 0.604688 0.607812 0.446875 0.534375
22 14 0.693750 0.607812 0.406250 0.465625
23 14 0.693750 0.607812 0.406250 0.465625
24 14 0.693750 0.607812 0.406250 0.465625
25 14 0.693750 0.607812 0.406250 0.465625
26 14 0.693750 0.607812 0.406250 0.465625
27 14 0.693750 0.607812 0.406250 0.465625
28 14 0.693750 0.607812 0.406250 0.465625
29 14 0.693750 0.607812 0.406250 0.465625
30 14 0.693750 0.607812 0.406250 0.465625
31 14 0.693750 0.607812 0.406250 0.465625
32 14 0.693750 0.607812 0.406250 0.465625
33 14 0.693750 0.607812 0.406250 0.465625
34 14 0.693750 0.607812 0.406250 0.465625
35 14 0.693750 0.607812 0.406250 0.465625
36 7 0.704688 0.610938 0.446875 0.534375
37 7 0.704688 0.610938 0.446875 0.534375
38 7 0.704688 0.610938 0.446875 0.534375
39 7 0.704688 0.610938 0.446875 0.534375
40 7 0.704688 0.610938 0.446875 0.534375
41 7 0.704688 0.610938 0.446875 0.534375
42 7 0.704688 0.610938 0.446875 0.534375
43 7 0.704688 0.610938 0.446875 0.534375
44 7 0.704688 0.610938 0.446875 0.534375
45 7 0.704688 0.610938 0.446875 0.534375
46 7 0.704688 0.610938 0.446875 0.534375
47 7 0.704688 0.610938 0.446875 0.534375
48 7 0.704688 0.610938 0.446875 0.534375
49 7 0.704688 0.610938 0.446875 0.534375
50 7 0.704688 0.610938 0.446875 0.534375
51 7 0.704688 0.610938 0.446875 0.534375
52 7 0.704688 0.610938 0.446875 0.534375
53 7 0.704688 0.610938 0.446875 0.534375
54 7 0.704688 0.610938 0.446875 0.534375
55 7 0.704688 0.610938 0.446875 0.534375
56 7 0.704688 0.610938 0.446875 0.534375
57 7 0.704688 0.610938 0.446875 0.534375
58 7 0.704688 0.610938 0.446875 0.534375
59 7 0.704688 0.610938 0.446875 0.534375
60 14 0.693750 0.607812 0.406250 0.465625
61 14 0.682292 0.612326 0.406250 0.465625
62 14 0.670833 0.616840 0.406250 0.465625
63 14 0.659375 0.621354 0.406250 0.465625
64 14 0.647917 0.625868 0.406250 0.465625
65 14 0.636458 0.630382 0.406250 0.465625
66 14 0.625000 0.634896 0.406250 0.465625
67 14 0.613542 0.639410 0.406250 0.465625
68 14 0.602083 0.643924 0.406250 0.465625
69 14 0.590625 0.648438 0.406250 0.465625
70 7 0.610938 0.642188 0.446875 0.534375
71 7 0.610938 0.642188 0.446875 0.534375
72 7 0.610938 0.642188 0.446875 0.534375
73 7 0.610938 0.642188 0.446875 0.534375
74 7 0.610938 0.642188 0.446875 0.534375
75 7 0.610938 0.642188 0.446875 0.534375
76 7 0.610938 0.642188 0.446875 0.534375
77 7 0.610938 0.642188 0.446875 0.534375
78 7 0.610938 0.642188 0.446875 0.534375
79 7 0.610938 0.642188 0.446875 0.534375
80 7 0.610938 0.642188 0.446875 0.534375
81 7 0.610938 0.642188 0.446875 0.534375
82 7 0.610938 0.642188 0.446875 0.534375
83 7 0.610938 0.642188 0.446875 0.534375
84 7 0.610938 0.642188 0.446875 0.534375
85 7 0.610938 0.642188 0.446875 0.534375
86 7 0.610938 0.642188 0.446875 0.534375
87 7 0.610938 0.642188 0.446875 0.534375
88 7 0.610938 0.642188 0.446875 0.534375
89 7 0.610938 0.642188 0.446875 0.534375
90 7 0.610938 0.642188 0.446875 0.534375
91 7 0.610938 0.642188 0.446875 0.534375
92 7 0.610938 0.642188 0.446875 0.534375
93 7 0.610938 0.642188 0.446875 0.534375
94 7 0.610938 0.642188 0.446875 0.534375
95 7 0.610938 0.642188 0.446875 0.534375
96 7 0.610938 0.642188 0.446875 0.534375
97 7 0.610938 0.642188 0.446875 0.534375
98 7 0.610938 0.642188 0.446875 0.534375
99 7 0.610938 0.642188 0.446875 0.534375
100 7 0.610938 0.642188 0.446875 0.534375
101 7 0.610938 0.642188 0.446875 0.534375
102 14 0.590625 0.648438 0.406250 0.465625
103 14 0.668750 0.626563 0.406250 0.465625
104 14 0.746875 0.604688 0.406250 0.465625
105 7 0.610938 0.642188 0.446875 0.534375
106 7 0.610938 0.642188 0.446875 0.534375
107 7 0.610938 0.642188 0.446875 0.534375
108 7 0.610938 0.642188 0.446875 0.534375
109 7 0.610938 0.642188 0.446875 0.534375
110 7 0.610938 0.642188 0.446875 0.534375
111 7 0.610938 0.642188 0.446875 0.534375
112 7 0.610938 0.642188 0.446875 0.534375
113 7 0.610938 0.642188 0.446875 0.534375
114 7 0.610938 0.642188 0.446875 0.534375
115 7 0.610938 0.642188 0.446875 0.534375
116 7 0.610938 0.642188 0.446875 0.534375
117 7 0.610938 0.642188 0.446875 0.534375
118 7 0.610938 0.642188 0.446875 0.534375
119 7 0.610938 0.642188 0.446875 0.534375
120 7 0.610938 0.642188 0.446875 0.534375
121 7 0.610938 0.642188 0.446875 0.534375
122 14 0.590625 0.648438 0.406250 0.465625
123 14 0.590625 0.648438 0.406250 0.465625
124 14 0.590625 0.648438 0.406250 0.465625
125 14 0.590625 0.648438 0.406250 0.465625
126 14 0.590625 0.648438 0.406250 0.465625
127 14 0.590625 0.648438 0.406250 0.465625
128 14 0.590625 0.648438 0.406250 0.465625
129 14 0.590625 0.648438 0.406250 0.465625
130 14 0.590625 0.648438 0.406250 0.465625
131 14 0.590625 0.648438 0.406250 0.465625
132 14 0.590625 0.648438 0.406250 0.465625
133 14 0.590625 0.648438 0.406250 0.465625
134 14 0.590625 0.648438 0.406250 0.465625
135 14 0.590625 0.648438 0.406250 0.465625
136 14 0.590625 0.648438 0.406250 0.465625
137 7 0.610938 0.642188 0.446875 0.534375
138 7 0.610938 0.642188 0.446875 0.534375
139 7 0.610938 0.642188 0.446875 0.534375
140 7 0.610938 0.642188 0.446875 0.534375
141 7 0.610938 0.642188 0.446875 0.534375
142 7 0.610938 0.642188 0.446875 0.534375
143 7 0.610938 0.642188 0.446875 0.534375
144 7 0.610938 0.642188 0.446875 0.534375
145 7 0.610938 0.642188 0.446875 0.534375
146 7 0.610938 0.642188 0.446875 0.534375
147 7 0.610938 0.642188 0.446875 0.534375
148 7 0.610938 0.642188 0.446875 0.534375
149 7 0.610938 0.642188 0.446875 0.534375
150 7 0.610938 0.642188 0.446875 0.534375
151 7 0.610938 0.642188 0.446875 0.534375
152 7 0.610938 0.642188 0.446875 0.534375
153 7 0.610938 0.642188 0.446875 0.534375
154 7 0.610938 0.642188 0.446875 0.534375
155 7 0.610938 0.642188 0.446875 0.534375
156 7 0.610938 0.642188 0.446875 0.534375
157 7 0.610938 0.642188 0.446875 0.534375
158 7 0.610938 0.642188 0.446875 0.534375
159 7 0.610938 0.642188 0.446875 0.534375
160 7 0.610938 0.642188 0.446875 0.534375
161 7 0.610938 0.642188 0.446875 0.534375
162 7 0.610938 0.642188 0.446875 0.534375
163 14 0.590625 0.648438 0.406250 0.465625
164 14 0.590625 0.648438 0.406250 0.465625
165 14 0.590625 0.648438 0.406250 0.465625
166 14 0.590625 0.648438 0.406250 0.465625
167 14 0.590625 0.648438 0.406250 0.465625
168 14 0.590625 0.648438 0.406250 0.465625
169 14 0.590625 0.648438 0.406250 0.465625
170 7 0.610938 0.642188 0.446875 0.534375
171 7 0.610938 0.642188 0.446875 0.534375
172 7 0.610938 0.642188 0.446875 0.534375
173 7 0.610938 0.642188 0.446875 0.534375
174 7 0.610938 0.642188 0.446875 0.534375
175 7 0.610938 0.642188 0.446875 0.534375
176 7 0.610938 0.642188 0.446875 0.534375
177 7 0.610938 0.642188 0.446875 0.534375
178 7 0.610938 0.642188 0.446875 0.534375
179 7 0.610938 0.642188 0.446875 0.534375
180 7 0.610938 0.642188 0.446875 0.534375
181 7 0.610938 0.642188 0.446875 0.534375
182 7 0.610938 0.642188 0.446875 0.534375
183 7 0.610938 0.642188 0.446875 0.534375
184 7 0.610938 0.642188 0.446875 0.534375
185 7 0.610938 0.642188 0.446875 0.534375
186 7 0.610938 0.642188 0.446875 0.534375
187 7 0.610938 0.642188 0.446875 0.534375
188 7 0.610938 0.642188 0.446875 0.534375
189 14 0.590625 0.648438 0.406250 0.465625
190 14 0.590625 0.648438 0.406250 0.465625
191 14 0.590625 0.648438 0.406250 0.465625
192 14 0.590625 0.648438 0.406250 0.465625
193 14 0.590625 0.648438 0.406250 0.465625
194 14 0.590625 0.648438 0.406250 0.465625
195 14 0.590625 0.648438 0.406250 0.465625
196 14 0.590625 0.648438 0.406250 0.465625
197 14 0.590625 0.648438 0.406250 0.465625
198 14 0.590625 0.648438 0.406250 0.465625
199 14 0.590625 0.648438 0.406250 0.465625
200 14 0.590625 0.648438 0.406250 0.465625
201 14 0.590625 0.648438 0.406250 0.465625
202 14 0.590625 0.648438 0.406250 0.465625
203 14 0.590625 0.648438 0.406250 0.465625
204 7 0.610938 0.642188 0.446875 0.534375
205 7 0.610938 0.642188 0.446875 0.534375
206 7 0.610938 0.642188 0.446875 0.534375
207 7 0.610938 0.642188 0.446875 0.534375
208 7 0.610938 0.642188 0.446875 0.534375
209 7 0.610938 0.642188 0.446875 0.534375
210 7 0.610938 0.642188 0.446875 0.534375
211 7 0.610938 0.642188 0.446875 0.534375
212 7 0.610938 0.642188 0.446875 0.534375
213 7 0.610938 0.642188 0.446875 0.534375
214 7 0.610938 0.642188 0.446875 0.534375
215 7 0.610938 0.642188 0.446875 0.534375
216 7 0.610938 0.642188 0.446875 0.534375
217 7 0.610938 0.642188 0.446875 0.534375
218 7 0.610938 0.642188 0.446875 0.534375
219 7 0.610938 0.642188 0.446875 0.534375
220 7 0.610938 0.642188 0.446875 0.534375
221 7 0.610938 0.642188 0.446875 0.534375
222 7 0.610938 0.642188 0.446875 0.534375
223 7 0.610938 0.642188 0.446875 0.534375
224 7 0.610938 0.642188 0.446875 0.534375
225 7 0.610938 0.642188 0.446875 0.534375
226 7 0.610938 0.642188 0.446875 0.534375
227 7 0.610938 0.642188 0.446875 0.534375
228 14 0.590625 0.648438 0.406250 0.465625
229 14 0.590625 0.648438 0.406250 0.465625
230 14 0.590625 0.648438 0.406250 0.465625
231 14 0.590625 0.648438 0.406250 0.465625
232 14 0.590625 0.648438 0.406250 0.465625
233 14 0.590625 0.648438 0.406250 0.465625
234 14 0.590625 0.648438 0.406250 0.465625
235 14 0.590625 0.648438 0.406250 0.465625
236 14 0.590625 0.648438 0.406250 0.465625
237 7 0.610938 0.642188 0.446875 0.534375
238 7 0.610938 0.642188 0.446875 0.534375
239 7 0.610938 0.642188 0.446875 0.534375
240 7 0.610938 0.642188 0.446875 0.534375
241 7 0.610938 0.642188 0.446875 0.534375
242 7 0.610938 0.642188 0.446875 0.534375
243 7 0.610938 0.642188 0.446875 0.534375
244 7 0.610938 0.642188 0.446875 0.534375
245 7 0.610938 0.642188 0.446875 0.534375
246 7 0.610938 0.642188 0.446875 0.534375
247 7 0.610938 0.642188 0.446875 0.534375
248 7 0.610938 0.642188 0.446875 0.534375
249 7 0.610938 0.642188 0.446875 0.534375
250 7 0.610938 0.642188 0.446875 0.534375
251 7 0.610938 0.642188 0.446875 0.534375
252 7 0.610938 0.642188 0.446875 0.534375
253 7 0.610938 0.642188 0.446875 0.534375
254 7 0.610938 0.642188 0.446875 0.534375
255 7 0.610938 0.642188 0.446875 0.534375
256 7 0.610938 0.642188 0.446875 0.534375
257 7 0.610938 0.642188 0.446875 0.534375
258 7 0.610938 0.642188 0.446875 0.534375
259 7 0.610938 0.642188 0.446875 0.534375
260 14 0.590625 0.648438 0.406250 0.465625
261 14 0.590625 0.648438 0.406250 0.465625
262 14 0.590625 0.648438 0.406250 0.465625
263 14 0.590625 0.648438 0.406250 0.465625
264 14 0.590625 0.648438 0.406250 0.465625
265 14 0.590625 0.648438 0.406250 0.465625
266 14 0.590625 0.648438 0.406250 0.465625
267 14 0.590625 0.648438 0.406250 0.465625
268 14 0.590625 0.648438 0.406250 0.465625
269 14 0.590625 0.648438 0.406250 0.465625
270 14 0.590625 0.648438 0.406250 0.465625
271 14 0.590625 0.648438 0.406250 0.465625
272 14 0.590625 0.648438 0.406250 0.465625
273 7 0.610938 0.642188 0.446875 0.534375
274 7 0.610938 0.642188 0.446875 0.534375
275 7 0.610938 0.642188 0.446875 0.534375
276 7 0.610938 0.642188 0.446875 0.534375
277 7 0.610938 0.642188 0.446875 0.534375
278 7 0.610938 0.642188 0.446875 0.534375
279 7 0.610938 0.642188 0.446875 0.534375
280 7 0.610938 0.642188 0.446875 0.534375
281 7 0.610938 0.642188 0.446875 0.534375
282 7 0.610938 0.642188 0.446875 0.534375
283 7 0.610938 0.642188 0.446875 0.534375
284 7 0.610938 0.642188 0.446875 0.534375
285 7 0.610938 0.642188 0.446875 0.534375
286 7 0.610938 0.642188 0.446875 0.534375
287 7 0.610938 0.642188 0.446875 0.534375
288 7 0.610938 0.642188 0.446875 0.534375
289 7 0.610938 0.642188 0.446875 0.534375
290 7 0.610938 0.642188 0.446875 0.534375
291 7 0.610938 0.642188 0.446875 0.534375
292 7 0.610938 0.642188 0.446875 0.534375
293 7 0.610938 0.642188 0.446875 0.534375
294 7 0.610938 0.642188 0.446875 0.534375
295 7 0.610938 0.642188 0.446875 0.534375
296 14 0.590625 0.648438 0.406250 0.465625
297 14 0.590625 0.648438 0.406250 0.465625
298 14 0.590625 0.648438 0.406250 0.465625
299 14 0.590625 0.648438 0.406250 0.465625
300 14 0.590625 0.648438 0.406250 0.465625
301 14 0.590625 0.648438 0.406250 0.465625
302 14 0.590625 0.648438 0.406250 0.465625
303 14 0.590625 0.648438 0.406250 0.465625
304 14 0.590625 0.648438 0.406250 0.465625
305 14 0.590625 0.648438 0.406250 0.465625
306 14 0.590625 0.648438 0.406250 0.465625
307 14 0.590625 0.648438 0.406250 0.465625
308 14 0.590625 0.648438 0.406250 0.465625
309 7 0.610938 0.642188 0.446875 0.534375
310 7 0.610938 0.642188 0.446875 0.534375
311 7 0.610938 0.642188 0.446875 0.534375
312 7 0.610938 0.642188 0.446875 0.534375
313 7 0.610938 0.642188 0.446875 0.534375
314 7 0.610938 0.642188 0.446875 0.534375
315 7 0.610938 0.642188 0.446875 0.534375
316 7 0.610938 0.642188 0.446875 0.534375
317 7 0.610938 0.642188 0.446875 0.534375
318 7 0.610938 0.642188 0.446875 0.534375
319 7 0.610938 0.642188 0.446875 0.534375
320 7 0.610938 0.642188 0.446875 0.534375
321 7 0.610938 0.642188 0.446875 0.534375
322 7 0.610938 0.642188 0.446875 0.534375
323 7 0.610938 0.642188 0.446875 0.534375
324 7 0.610938 0.642188 0.446875 0.534375
325 7 0.610938 0.642188 0.446875 0.534375
326 7 0.610938 0.642188 0.446875 0.534375
327 7 0.610938 0.642188 0.446875 0.534375
328 7 0.610938 0.642188 0.446875 0.534375
329 7 0.610938 0.642188 0.446875 0.534375
330 14 0.590625 0.648438 0.406250 0.465625
331 14 0.590625 0.648438 0.406250 0.465625
332 14 0.590625 0.648438 0.406250 0.465625
333 14 0.590625 0.648438 0.406250 0.465625
334 14 0.590625 0.648438 0.406250 0.465625
335 14 0.590625 0.648438 0.406250 0.465625
336 14 0.590625 0.648438 0.406250 0.465625
337 14 0.590625 0.648438 0.406250 0.465625
338 14 0.590625 0.648438 0.406250 0.465625
339 14 0.590625 0.648438 0.406250 0.465625
340 14 0.590625 0.648438 0.406250 0.465625
341 7 0.610938 0.642188 0.446875 0.534375
342 7 0.610938 0.642188 0.446875 0.534375
343 7 0.610938 0.642188 0.446875 0.534375
344 7 0.610938 0.642188 0.446875 0.534375
345 7 0.610938 0.642188 0.446875 0.534375
346 7 0.610938 0.642188 0.446875 0.534375
347 7 0.610938 0.642188 0.446875 0.534375
348 7 0.610938 0.642188 0.446875 0.534375
349 7 0.610938 0.642188 0.446875 0.534375
350 7 0.610938 0.642188 0.446875 0.534375
351 7 0.610938 0.642188 0.446875 0.534375
352 7 0.610938 0.642188 0.446875 0.534375
353 7 0.610938 0.642188 0.446875 0.534375
354 7 0.610938 0.642188 0.446875 0.534375
355 7 0.610938 0.642188 0.446875 0.534375
356 7 0.610938 0.642188 0.446875 0.534375
357 7 0.610938 0.642188 0.446875 0.534375
358 7 0.610938 0.642188 0.446875 0.534375
359 7 0.610938 0.642188 0.446875 0.534375
360 7 0.610938 0.642188 0.446875 0.534375
361 7 0.610938 0.642188 0.446875 0.534375
362 14 0.590625 0.648438 0.406250 0.465625
363 14 0.590625 0.648438 0.406250 0.465625
364 14 0.590625 0.648438 0.406250 0.465625
365 14 0.590625 0.648438 0.406250 0.465625
366 14 0.590625 0.648438 0.406250 0.465625
367 14 0.590625 0.648438 0.406250 0.465625
368 14 0.590625 0.648438 0.406250 0.465625
369 14 0.590625 0.648438 0.406250 0.465625
370 14 0.590625 0.648438 0.406250 0.465625
371 7 0.610938 0.642188 0.446875 0.534375
372 7 0.610938 0.642188 0.446875 0.534375
373 7 0.610938 0.642188 0.446875 0.534375
374 7 0.610938 0.642188 0.446875 0.534375
375 7 0.610938 0.642188 0.446875 0.534375
376 7 0.610938 0.642188 0.446875 0.534375
377 7 0.610938 0.642188 0.446875 0.534375
378 7 0.610938 0.642188 0.446875 0.534375
379 7 0.610938 0.642188 0.446875 0.534375
380 7 0.610938 0.642188 0.446875 0.534375
381 7 0.610938 0.642188 0.446875 0.534375
382 7 0.610938 0.642188 0.446875 0.534375
383 7 0.610938 0.642188 0.446875 0.534375
384 7 0.610938 0.642188 0.446875 0.534375
385 7 0.610938 0.642188 0.446875 0.534375
386 7 0.610938 0.642188 0.446875 0.534375
387 7 0.610938 0.642188 0.446875 0.534375
388 7 0.610938 0.642188 0.446875 0.534375
389 14 0.590625 0.648438 0.406250 0.465625
390 14 0.600586 0.646094 0.406250 0.465625
391 14 0.610547 0.643750 0.406250 0.465625
392 14 0.620508 0.641406 0.406250 0.465625
393 14 0.630469 0.639062 0.406250 0.465625
394 14 0.640430 0.636719 0.406250 0.465625
395 14 0.650391 0.634375 0.406250 0.465625
396 14 0.660352 0.632031 0.406250 0.465625
397 14 0.670312 0.629687 0.406250 0.465625
398 14 0.680273 0.627344 0.406250 0.465625
399 14 0.690234 0.625000 0.406250 0.465625
400 14 0.700195 0.622656 0.406250 0.465625
401 14 0.710156 0.620313 0.406250 0.465625
402 14 0.720117 0.617969 0.406250 0.465625
403 14 0.730078 0.615625 0.406250 0.465625
404 14 0.740039 0.613281 0.406250 0.465625
405 14 0.750000 0.610938 0.406250 0.465625
