1 14 0.796875 0.803125 0.406250 0.393750
2 14 0.796875 0.803125 0.406250 0.393750
3 14 0.796875 0.803125 0.406250 0.393750
4 14 0.796875 0.803125 0.406250 0.393750
5 14 0.796875 0.803125 0.406250 0.393750
6 14 0.796875 0.803125 0.406250 0.393750
7 14 0.796875 0.803125 0.406250 0.393750
8 14 0.796875 0.803125 0.406250 0.393750
9 14 0.796875 0.803125 0.406250 0.393750
10 14 0.796875 0.803125 0.406250 0.393750
11 14 0.796875 0.803125 0.406250 0.393750
25 14 0.796875 0.803125 0.406250 0.393750
26 14 0.794922 0.786914 0.406250 0.403516
27 14 0.792969 0.770703 0.406250 0.413281
28 14 0.791016 0.754492 0.406250 0.423047
29 14 0.789062 0.738281 0.406250 0.432813
30 14 0.787109 0.722070 0.406250 0.442578
31 14 0.785156 0.705859 0.406250 0.452344
32 14 0.783203 0.689648 0.406250 0.462109
33 14 0.781250 0.673438 0.406250 0.471875
34 14 0.764375 0.630938 0.406250 0.471875
35 14 0.747500 0.588438 0.406250 0.471875
36 14 0.730625 0.545938 0.406250 0.471875
37 14 0.713750 0.503438 0.406250 0.471875
38 14 0.696875 0.460938 0.406250 0.471875
39 14 0.686328 0.446094 0.406250 0.471875
40 14 0.675781 0.431250 0.406250 0.471875
41 14 0.665234 0.416406 0.406250 0.471875
42 14 0.654687 0.401563 0.406250 0.471875
43 14 0.644141 0.386719 0.406250 0.471875
44 14 0.633594 0.371875 0.406250 0.471875
45 14 0.623047 0.357031 0.406250 0.471875
46 14 0.612500 0.342188 0.406250 0.471875
47 4 0.568750 0.353125 0.431250 0.475000
48 4 0.578125 0.392578 0.431250 0.475000
49 4 0.587500 0.432031 0.431250 0.475000
50 4 0.596875 0.471484 0.431250 0.475000
51 4 0.606250 0.510937 0.431250 0.475000
52 4 0.615625 0.550391 0.431250 0.475000
53 4 0.625000 0.589844 0.431250 0.475000
54 4 0.634375 0.629297 0.431250 0.475000
55 4 0.643750 0.668750 0.431250 0.475000
56 4 0.671094 0.691406 0.431250 0.475000
57 4 0.698437 0.714062 0.431250 0.475000
58 4 0.725781 0.736719 0.431250 0.475000
59 4 0.753125 0.759375 0.431250 0.475000
60 4 0.753125 0.759375 0.431250 0.475000
61 4 0.753125 0.759375 0.431250 0.475000
62 4 0.753125 0.759375 0.431250 0.475000
63 4 0.753125 0.759375 0.431250 0.475000
64 4 0.753125 0.759375 0.431250 0.475000
65 4 0.753125 0.759375 0.431250 0.475000
82 14 0.790625 0.760937 0.406250 0.471875
83 14 0.784821 0.745759 0.406250 0.471875
84 14 0.779018 0.730580 0.406250 0.471875
85 14 0.773214 0.715402 0.406250 0.471875
86 14 0.767411 0.700223 0.406250 0.471875
87 14 0.761607 0.685045 0.406250 0.471875
88 14 0.755804 0.669866 0.406250 0.471875
89 14 0.750000 0.654687 0.406250 0.471875
90 14 0.740000 0.614687 0.406250 0.471875
91 14 0.730000 0.574687 0.406250 0.471875
92 14 0.720000 0.534687 0.406250 0.471875
93 14 0.710000 0.494687 0.406250 0.471875
94 14 0.700000 0.454687 0.406250 0.471875
95 14 0.687500 0.433203 0.406250 0.471875
96 14 0.675000 0.411719 0.406250 0.471875
97 14 0.662500 0.390234 0.406250 0.471875
98 14 0.650000 0.368750 0.406250 0.471875
99 14 0.637500 0.347266 0.406250 0.471875
100 14 0.625000 0.325781 0.406250 0.471875
101 14 0.612500 0.304297 0.406250 0.471875
102 14 0.600000 0.282812 0.406250 0.471875
103 14 0.600000 0.282812 0.406250 0.471875
104 14 0.600000 0.282812 0.406250 0.471875
105 4 0.615625 0.346875 0.431250 0.475000
106 4 0.619531 0.386719 0.431250 0.475000
107 4 0.623437 0.426562 0.431250 0.475000
108 4 0.627344 0.466406 0.431250 0.475000
109 4 0.631250 0.506250 0.431250 0.475000
110 4 0.635156 0.546094 0.431250 0.475000
111 4 0.639062 0.585937 0.431250 0.475000
112 4 0.642969 0.625781 0.431250 0.475000
113 4 0.646875 0.665625 0.431250 0.475000
114 4 0.659375 0.681250 0.431250 0.475000
115 4 0.671875 0.696875 0.431250 0.475000
116 4 0.684375 0.712500 0.431250 0.475000
117 4 0.696875 0.728125 0.431250 0.475000
118 4 0.709375 0.743750 0.431250 0.475000
119 4 0.721875 0.759375 0.431250 0.475000
120 4 0.721875 0.759375 0.431250 0.475000
121 4 0.721875 0.759375 0.431250 0.475000
122 4 0.721875 0.759375 0.431250 0.475000
123 4 0.721875 0.759375 0.431250 0.475000
124 4 0.721875 0.759375 0.431250 0.475000
125 4 0.721875 0.759375 0.431250 0.475000
140 14 0.793750 0.760937 0.406250 0.471875
141 14 0.790000 0.739375 0.406250 0.471875
142 14 0.786250 0.717812 0.406250 0.471875
143 14 0.782500 0.696250 0.406250 0.471875
144 14 0.778750 0.674687 0.406250 0.471875
145 14 0.775000 0.653125 0.406250 0.471875
146 14 0.771250 0.631562 0.406250 0.471875
147 14 0.767500 0.610000 0.406250 0.471875
148 14 0.763750 0.588437 0.406250 0.471875
149 14 0.760000 0.566875 0.406250 0.471875
150 14 0.756250 0.545312 0.406250 0.471875
151 14 0.739063 0.522266 0.406250 0.471875
152 14 0.721875 0.499219 0.406250 0.471875
153 14 0.704688 0.476172 0.406250 0.471875
154 14 0.687500 0.453125 0.406250 0.471875
155 14 0.670312 0.430078 0.406250 0.471875
156 14 0.653125 0.407031 0.406250 0.471875
157 14 0.635938 0.383984 0.406250 0.471875
158 4 0.600000 0.350000 0.431250 0.475000
159 4 0.601389 0.381597 0.431250 0.475000
160 4 0.602778 0.413194 0.431250 0.475000
161 4 0.604167 0.444792 0.431250 0.475000
162 4 0.605556 0.476389 0.431250 0.475000
163 4 0.606944 0.507986 0.431250 0.475000
164 4 0.608333 0.539583 0.431250 0.475000
165 4 0.609722 0.571181 0.431250 0.475000
166 4 0.611111 0.602778 0.431250 0.475000
167 4 0.612500 0.634375 0.431250 0.475000
168 4 0.629167 0.655208 0.431250 0.475000
169 4 0.645833 0.676042 0.431250 0.475000
170 4 0.662500 0.696875 0.431250 0.475000
171 4 0.679167 0.717708 0.431250 0.475000
172 4 0.695833 0.738542 0.431250 0.475000
173 4 0.712500 0.759375 0.431250 0.475000
174 4 0.712500 0.759375 0.431250 0.475000
175 4 0.712500 0.759375 0.431250 0.475000
176 4 0.712500 0.759375 0.431250 0.475000
177 4 0.712500 0.759375 0.431250 0.475000
178 4 0.712500 0.759375 0.431250 0.475000
193 14 0.793750 0.760937 0.406250 0.471875
194 14 0.782422 0.752734 0.406250 0.471875
195 14 0.771094 0.744531 0.406250 0.471875
196 14 0.759766 0.736328 0.406250 0.471875
197 14 0.748437 0.728125 0.406250 0.471875
198 14 0.737109 0.719922 0.406250 0.471875
199 14 0.725781 0.711719 0.406250 0.471875
200 14 0.714453 0.703516 0.406250 0.471875
201 14 0.703125 0.695312 0.406250 0.471875
202 14 0.695833 0.633854 0.406250 0.471875
203 14 0.688542 0.572396 0.406250 0.471875
204 14 0.681250 0.510937 0.406250 0.471875
205 14 0.671875 0.487187 0.406250 0.471875
206 14 0.662500 0.463437 0.406250 0.471875
207 14 0.653125 0.439687 0.406250 0.471875
208 14 0.643750 0.415937 0.406250 0.471875
209 14 0.634375 0.392187 0.406250 0.471875
210 14 0.634375 0.392187 0.406250 0.471875
211 14 0.634375 0.392187 0.406250 0.471875
212 14 0.634375 0.392187 0.406250 0.471875
213 14 0.634375 0.392187 0.406250 0.471875
214 14 0.634375 0.392187 0.406250 0.471875
215 14 0.634375 0.392187 0.406250 0.471875
216 4 0.643750 0.400000 0.431250 0.475000
217 4 0.641071 0.442411 0.431250 0.475000
218 4 0.638393 0.484821 0.431250 0.475000
219 4 0.635714 0.527232 0.431250 0.475000
220 4 0.633036 0.569643 0.431250 0.475000
221 4 0.630357 0.612054 0.431250 0.475000
222 4 0.627679 0.654464 0.431250 0.475000
223 4 0.625000 0.696875 0.431250 0.475000
224 4 0.635937 0.707292 0.431250 0.475000
225 4 0.646875 0.717708 0.431250 0.475000
226 4 0.657812 0.728125 0.431250 0.475000
227 4 0.668750 0.738542 0.431250 0.475000
228 4 0.679687 0.748958 0.431250 0.475000
229 4 0.690625 0.759375 0.431250 0.475000
230 4 0.690625 0.759375 0.431250 0.475000
231 4 0.690625 0.759375 0.431250 0.475000
232 4 0.690625 0.759375 0.431250 0.475000
233 4 0.690625 0.759375 0.431250 0.475000
234 4 0.690625 0.759375 0.431250 0.475000
235 4 0.690625 0.759375 0.431250 0.475000
236 4 0.690625 0.759375 0.431250 0.475000
237 4 0.690625 0.759375 0.431250 0.475000
242 14 0.709375 0.890625 0.362500 0.212500
243 14 0.705256 0.879545 0.370739 0.234659
244 14 0.701136 0.868466 0.378977 0.256818
245 14 0.697017 0.857386 0.387216 0.278977
246 14 0.692898 0.846307 0.395455 0.301136
247 14 0.688778 0.835227 0.403693 0.323295
248 14 0.684659 0.824148 0.411932 0.345455
249 14 0.680540 0.813068 0.420170 0.367614
250 14 0.676420 0.801989 0.428409 0.389773
251 14 0.672301 0.790909 0.436648 0.411932
252 14 0.668182 0.779830 0.444886 0.434091
253 14 0.664062 0.768750 0.453125 0.456250
254 14 0.666667 0.723958 0.453125 0.456250
255 14 0.669271 0.679167 0.453125 0.456250
256 14 0.671875 0.634375 0.453125 0.456250
257 14 0.674479 0.589583 0.453125 0.456250
258 14 0.677083 0.544792 0.453125 0.456250
259 14 0.679687 0.500000 0.453125 0.456250
260 14 0.670833 0.473958 0.453125 0.456250
261 14 0.661979 0.447917 0.453125 0.456250
262 14 0.653125 0.421875 0.453125 0.456250
263 14 0.644271 0.395833 0.453125 0.456250
264 14 0.635417 0.369792 0.453125 0.456250
265 14 0.626562 0.343750 0.453125 0.456250
266 14 0.626562 0.343750 0.453125 0.456250
267 14 0.626562 0.343750 0.453125 0.456250
268 14 0.626562 0.343750 0.453125 0.456250
269 14 0.626562 0.343750 0.453125 0.456250
270 14 0.626562 0.343750 0.453125 0.456250
271 14 0.626562 0.343750 0.453125 0.456250
272 4 0.581250 0.440625 0.431250 0.475000
273 4 0.584375 0.474609 0.431250 0.475000
274 4 0.587500 0.508594 0.431250 0.475000
275 4 0.590625 0.542578 0.431250 0.475000
276 4 0.593750 0.576562 0.431250 0.475000
277 4 0.596875 0.610547 0.431250 0.475000
278 4 0.600000 0.644531 0.431250 0.475000
279 4 0.603125 0.678516 0.431250 0.475000
280 4 0.606250 0.712500 0.431250 0.475000
281 4 0.623437 0.720312 0.431250 0.475000
282 4 0.640625 0.728125 0.431250 0.475000
283 4 0.657812 0.735937 0.431250 0.475000
284 4 0.675000 0.743750 0.431250 0.475000
285 4 0.692187 0.751562 0.431250 0.475000
286 4 0.709375 0.759375 0.431250 0.475000
287 4 0.728125 0.809375 0.393750 0.375000
288 4 0.746875 0.859375 0.356250 0.275000
289 4 0.765625 0.909375 0.318750 0.175000
306 14 0.770313 0.768750 0.453125 0.456250
307 14 0.767813 0.743750 0.453125 0.456250
308 14 0.765313 0.718750 0.453125 0.456250
309 14 0.762813 0.693750 0.453125 0.456250
310 14 0.760313 0.668750 0.453125 0.456250
311 14 0.757813 0.643750 0.453125 0.456250
312 14 0.755313 0.618750 0.453125 0.456250
313 14 0.752813 0.593750 0.453125 0.456250
314 14 0.750313 0.568750 0.453125 0.456250
315 14 0.747813 0.543750 0.453125 0.456250
316 14 0.745313 0.518750 0.453125 0.456250
317 14 0.722813 0.499375 0.453125 0.456250
318 14 0.700313 0.480000 0.453125 0.456250
319 14 0.677813 0.460625 0.453125 0.456250
320 14 0.655313 0.441250 0.453125 0.456250
321 14 0.632813 0.421875 0.453125 0.456250
322 14 0.632813 0.421875 0.453125 0.456250
323 14 0.632813 0.421875 0.453125 0.456250
324 14 0.632813 0.421875 0.453125 0.456250
325 4 0.520312 0.478125 0.453125 0.431250
326 4 0.535937 0.508203 0.453125 0.431250
327 4 0.551562 0.538281 0.453125 0.431250
328 4 0.567187 0.568359 0.453125 0.431250
329 4 0.582812 0.598437 0.453125 0.431250
330 4 0.598437 0.628516 0.453125 0.431250
331 4 0.614062 0.658594 0.453125 0.431250
332 4 0.629687 0.688672 0.453125 0.431250
333 4 0.645312 0.718750 0.453125 0.431250
334 4 0.666146 0.729167 0.453125 0.431250
335 4 0.686979 0.739583 0.453125 0.431250
336 4 0.707813 0.750000 0.453125 0.431250
337 4 0.728646 0.760417 0.453125 0.431250
338 4 0.749479 0.770833 0.453125 0.431250
339 4 0.770313 0.781250 0.453125 0.431250
340 4 0.769271 0.823437 0.455208 0.346875
341 4 0.768229 0.865625 0.457292 0.262500
342 4 0.767188 0.907812 0.459375 0.178125
343 4 0.767188 0.907812 0.459375 0.178125
344 4 0.767188 0.907812 0.459375 0.178125
345 4 0.767188 0.907812 0.459375 0.178125
361 14 0.770313 0.768750 0.453125 0.456250
362 14 0.757813 0.742969 0.453125 0.456250
363 14 0.745313 0.717188 0.453125 0.456250
364 14 0.732813 0.691406 0.453125 0.456250
365 14 0.720313 0.665625 0.453125 0.456250
366 14 0.707813 0.639844 0.453125 0.456250
367 14 0.695313 0.614063 0.453125 0.456250
368 14 0.682813 0.588281 0.453125 0.456250
369 14 0.670313 0.562500 0.453125 0.456250
370 14 0.657813 0.536719 0.453125 0.456250
371 14 0.645312 0.510938 0.453125 0.456250
372 14 0.632812 0.485156 0.453125 0.456250
373 14 0.620313 0.459375 0.453125 0.456250
374 14 0.620313 0.459375 0.453125 0.456250
375 14 0.620313 0.459375 0.453125 0.456250
376 14 0.620313 0.459375 0.453125 0.456250
377 14 0.620313 0.459375 0.453125 0.456250
378 14 0.620313 0.459375 0.453125 0.456250
379 4 0.535938 0.439062 0.459375 0.403125
380 4 0.541563 0.474687 0.459375 0.403125
381 4 0.547188 0.510312 0.459375 0.403125
382 4 0.552813 0.545937 0.459375 0.403125
383 4 0.558438 0.581562 0.459375 0.403125
384 4 0.564063 0.617187 0.459375 0.403125
385 4 0.580938 0.652812 0.459375 0.403125
386 4 0.597813 0.688437 0.459375 0.403125
387 4 0.614688 0.724062 0.459375 0.403125
388 4 0.631563 0.759687 0.459375 0.403125
389 4 0.648438 0.795312 0.459375 0.403125
390 4 0.648438 0.795312 0.459375 0.403125
391 4 0.648438 0.795312 0.459375 0.403125
392 4 0.648438 0.795312 0.459375 0.403125
393 4 0.648438 0.795312 0.459375 0.403125
394 4 0.648438 0.795312 0.459375 0.403125
395 4 0.648438 0.795312 0.459375 0.403125
