1 14 0.593750 0.664062 0.512500 0.534375
2 14 0.577083 0.641146 0.512500 0.534375
3 14 0.560417 0.618229 0.512500 0.534375
4 14 0.543750 0.595313 0.512500 0.534375
5 14 0.543750 0.560937 0.512500 0.534375
6 14 0.543750 0.526563 0.512500 0.534375
7 14 0.543750 0.492188 0.512500 0.534375
8 14 0.543750 0.457813 0.512500 0.534375
9 14 0.543750 0.457813 0.512500 0.534375
10 14 0.543750 0.457813 0.512500 0.534375
11 8 0.575000 0.528125 0.418750 0.518750
12 8 0.578947 0.532237 0.418750 0.518750
13 8 0.582895 0.536349 0.418750 0.518750
14 8 0.586842 0.540461 0.418750 0.518750
15 8 0.590789 0.544572 0.418750 0.518750
16 8 0.594737 0.548684 0.418750 0.518750
17 8 0.598684 0.552796 0.418750 0.518750
18 8 0.602632 0.556908 0.418750 0.518750
19 8 0.606579 0.561020 0.418750 0.518750
20 8 0.610526 0.565132 0.418750 0.518750
21 8 0.614474 0.569243 0.418750 0.518750
22 8 0.618421 0.573355 0.418750 0.518750
23 8 0.622368 0.577467 0.418750 0.518750
24 8 0.626316 0.581579 0.418750 0.518750
25 8 0.630263 0.585691 0.418750 0.518750
26 8 0.634211 0.589803 0.418750 0.518750
27 8 0.638158 0.593914 0.418750 0.518750
28 8 0.642105 0.598026 0.418750 0.518750
29 8 0.646053 0.602138 0.418750 0.518750
30 8 0.650000 0.606250 0.418750 0.518750
31 8 0.650000 0.606250 0.418750 0.518750
32 14 0.712500 0.592187 0.512500 0.534375
33 14 0.716016 0.596484 0.512500 0.534375
34 14 0.719531 0.600781 0.512500 0.534375
35 14 0.723047 0.605078 0.512500 0.534375
36 14 0.726562 0.609375 0.512500 0.534375
37 14 0.730078 0.613672 0.512500 0.534375
38 14 0.733594 0.617969 0.512500 0.534375
39 14 0.737109 0.622266 0.512500 0.534375
40 14 0.740625 0.626563 0.512500 0.534375
41 14 0.740625 0.626563 0.512500 0.534375
42 8 0.787500 0.606250 0.418750 0.518750
43 8 0.787500 0.606250 0.418750 0.518750
44 8 0.787500 0.606250 0.418750 0.518750
45 8 0.787500 0.606250 0.418750 0.518750
46 8 0.787500 0.606250 0.418750 0.518750
47 8 0.787500 0.606250 0.418750 0.518750
48 8 0.787500 0.606250 0.418750 0.518750
49 8 0.787500 0.606250 0.418750 0.518750
50 8 0.787500 0.606250 0.418750 0.518750
51 8 0.787500 0.606250 0.418750 0.518750
52 8 0.787500 0.606250 0.418750 0.518750
53 8 0.787500 0.606250 0.418750 0.518750
54 8 0.787500 0.606250 0.418750 0.518750
55 8 0.787500 0.606250 0.418750 0.518750
56 8 0.787500 0.606250 0.418750 0.518750
57 14 0.740625 0.695312 0.512500 0.534375
58 14 0.738542 0.697604 0.512500 0.534375
59 14 0.736458 0.699896 0.512500 0.534375
60 14 0.734375 0.702187 0.512500 0.534375
61 14 0.732292 0.704479 0.512500 0.534375
62 14 0.730208 0.706771 0.512500 0.534375
63 14 0.728125 0.709063 0.512500 0.534375
64 14 0.726042 0.711354 0.512500 0.534375
65 14 0.723958 0.713646 0.512500 0.534375
66 14 0.721875 0.715938 0.512500 0.534375
67 14 0.719792 0.718229 0.512500 0.534375
68 14 0.717708 0.720521 0.512500 0.534375
69 14 0.715625 0.722812 0.512500 0.534375
70 14 0.713542 0.725104 0.512500 0.534375
71 14 0.711458 0.727396 0.512500 0.534375
72 14 0.709375 0.729688 0.512500 0.534375
73 14 0.709375 0.729688 0.512500 0.534375
74 14 0.709375 0.729688 0.512500 0.534375
75 14 0.709375 0.729688 0.512500 0.534375
76 14 0.709375 0.729688 0.512500 0.534375
77 8 0.659375 0.712500 0.418750 0.518750
78 8 0.659375 0.712500 0.418750 0.518750
79 8 0.659375 0.712500 0.418750 0.518750
80 8 0.659375 0.712500 0.418750 0.518750
81 8 0.659375 0.712500 0.418750 0.518750
82 8 0.659375 0.712500 0.418750 0.518750
83 8 0.659375 0.712500 0.418750 0.518750
84 8 0.659375 0.712500 0.418750 0.518750
85 8 0.659375 0.712500 0.418750 0.518750
86 8 0.659375 0.712500 0.418750 0.518750
87 8 0.659375 0.712500 0.418750 0.518750
88 8 0.659375 0.712500 0.418750 0.518750
89 8 0.659375 0.712500 0.418750 0.518750
90 8 0.659375 0.712500 0.418750 0.518750
91 8 0.659375 0.712500 0.418750 0.518750
92 8 0.659375 0.712500 0.418750 0.518750
93 8 0.659375 0.712500 0.418750 0.518750
94 8 0.659375 0.712500 0.418750 0.518750
95 8 0.659375 0.712500 0.418750 0.518750
96 8 0.659375 0.712500 0.418750 0.518750
97 8 0.659375 0.712500 0.418750 0.518750
98 14 0.659375 0.610938 0.512500 0.534375
99 14 0.658125 0.597187 0.512500 0.534375
100 14 0.656875 0.583438 0.512500 0.534375
101 14 0.655625 0.569688 0.512500 0.534375
102 14 0.654375 0.555938 0.512500 0.534375
103 14 0.653125 0.542188 0.512500 0.534375
104 14 0.653125 0.542188 0.512500 0.534375
105 14 0.653125 0.542188 0.512500 0.534375
106 14 0.653125 0.542188 0.512500 0.534375
107 8 0.631250 0.556250 0.418750 0.518750
108 8 0.631250 0.556250 0.418750 0.518750
109 8 0.631250 0.556250 0.418750 0.518750
110 8 0.631250 0.556250 0.418750 0.518750
111 8 0.631250 0.556250 0.418750 0.518750
112 8 0.631250 0.556250 0.418750 0.518750
113 8 0.631250 0.556250 0.418750 0.518750
114 8 0.631250 0.556250 0.418750 0.518750
115 8 0.631250 0.556250 0.418750 0.518750
116 8 0.631250 0.556250 0.418750 0.518750
117 8 0.631250 0.556250 0.418750 0.518750
118 8 0.631250 0.556250 0.418750 0.518750
119 8 0.631250 0.556250 0.418750 0.518750
120 8 0.631250 0.556250 0.418750 0.518750
121 8 0.631250 0.556250 0.418750 0.518750
122 8 0.631250 0.556250 0.418750 0.518750
123 8 0.631250 0.556250 0.418750 0.518750
124 8 0.631250 0.556250 0.418750 0.518750
125 8 0.631250 0.556250 0.418750 0.518750
126 14 0.653125 0.542188 0.512500 0.534375
127 14 0.628125 0.542188 0.512500 0.534375
128 14 0.603125 0.542188 0.512500 0.534375
129 14 0.578125 0.542188 0.512500 0.534375
130 14 0.553125 0.542188 0.512500 0.534375
131 14 0.528125 0.542188 0.512500 0.534375
132 14 0.523438 0.535156 0.512500 0.534375
133 14 0.518750 0.528125 0.512500 0.534375
134 14 0.514062 0.521094 0.512500 0.534375
135 14 0.509375 0.514063 0.512500 0.534375
136 14 0.497917 0.521354 0.512500 0.534375
137 14 0.486458 0.528646 0.512500 0.534375
138 14 0.475000 0.535938 0.512500 0.534375
139 14 0.475000 0.535938 0.512500 0.534375
140 8 0.456250 0.534375 0.418750 0.518750
141 8 0.456458 0.542292 0.418750 0.518750
142 8 0.456667 0.550208 0.418750 0.518750
143 8 0.456875 0.558125 0.418750 0.518750
144 8 0.457083 0.566042 0.418750 0.518750
145 8 0.457292 0.573958 0.418750 0.518750
146 8 0.457500 0.581875 0.418750 0.518750
147 8 0.457708 0.589792 0.418750 0.518750
148 8 0.457917 0.597708 0.418750 0.518750
149 8 0.458125 0.605625 0.418750 0.518750
150 8 0.458333 0.613542 0.418750 0.518750
151 8 0.458542 0.621458 0.418750 0.518750
152 8 0.458750 0.629375 0.418750 0.518750
153 8 0.458958 0.637292 0.418750 0.518750
154 8 0.459167 0.645208 0.418750 0.518750
155 8 0.459375 0.653125 0.418750 0.518750
156 8 0.459375 0.653125 0.418750 0.518750
157 8 0.459375 0.653125 0.418750 0.518750
158 8 0.459375 0.653125 0.418750 0.518750
159 14 0.487500 0.720313 0.512500 0.534375
160 14 0.493304 0.721652 0.512500 0.534375
161 14 0.499107 0.722991 0.512500 0.534375
162 14 0.504911 0.724330 0.512500 0.534375
163 14 0.510714 0.725670 0.512500 0.534375
164 14 0.516518 0.727009 0.512500 0.534375
165 14 0.522321 0.728348 0.512500 0.534375
166 14 0.528125 0.729688 0.512500 0.534375
167 8 0.515625 0.737500 0.418750 0.518750
168 8 0.515625 0.737500 0.418750 0.518750
169 8 0.515625 0.737500 0.418750 0.518750
170 8 0.515625 0.737500 0.418750 0.518750
171 8 0.515625 0.737500 0.418750 0.518750
172 8 0.515625 0.737500 0.418750 0.518750
173 8 0.515625 0.737500 0.418750 0.518750
174 8 0.515625 0.737500 0.418750 0.518750
175 8 0.515625 0.737500 0.418750 0.518750
176 8 0.515625 0.737500 0.418750 0.518750
177 8 0.515625 0.737500 0.418750 0.518750
178 8 0.515625 0.737500 0.418750 0.518750
179 8 0.515625 0.737500 0.418750 0.518750
180 8 0.515625 0.737500 0.418750 0.518750
181 8 0.515625 0.737500 0.418750 0.518750
182 8 0.515625 0.737500 0.418750 0.518750
183 8 0.515625 0.737500 0.418750 0.518750
184 8 0.515625 0.737500 0.418750 0.518750
185 14 0.528125 0.729688 0.512500 0.534375
186 14 0.545536 0.727902 0.512500 0.534375
187 14 0.562946 0.726116 0.512500 0.534375
188 14 0.580357 0.724330 0.512500 0.534375
189 14 0.597768 0.722545 0.512500 0.534375
190 14 0.615179 0.720759 0.512500 0.534375
191 14 0.632589 0.718973 0.512500 0.534375
192 14 0.650000 0.717187 0.512500 0.534375
193 14 0.650000 0.717187 0.512500 0.534375
194 14 0.650000 0.717187 0.512500 0.534375
195 14 0.650000 0.717187 0.512500 0.534375
196 14 0.650000 0.717187 0.512500 0.534375
197 14 0.650000 0.717187 0.512500 0.534375
198 8 0.681250 0.703125 0.418750 0.518750
199 8 0.681250 0.703125 0.418750 0.518750
200 8 0.681250 0.703125 0.418750 0.518750
201 8 0.681250 0.703125 0.418750 0.518750
202 8 0.681250 0.703125 0.418750 0.518750
203 8 0.681250 0.703125 0.418750 0.518750
204 8 0.681250 0.703125 0.418750 0.518750
205 8 0.681250 0.703125 0.418750 0.518750
206 8 0.681250 0.703125 0.418750 0.518750
207 8 0.681250 0.703125 0.418750 0.518750
208 8 0.681250 0.703125 0.418750 0.518750
209 8 0.681250 0.703125 0.418750 0.518750
210 8 0.681250 0.703125 0.418750 0.518750
211 14 0.650000 0.717187 0.512500 0.534375
212 14 0.665104 0.717187 0.512500 0.534375
213 14 0.680208 0.717187 0.512500 0.534375
214 14 0.695312 0.717187 0.512500 0.534375
215 14 0.710417 0.717187 0.512500 0.534375
216 14 0.725521 0.717187 0.512500 0.534375
217 14 0.740625 0.717187 0.512500 0.534375
218 14 0.740625 0.717187 0.512500 0.534375
219 14 0.740625 0.717187 0.512500 0.534375
220 14 0.740625 0.717187 0.512500 0.534375
221 14 0.740625 0.717187 0.512500 0.534375
222 14 0.740625 0.717187 0.512500 0.534375
223 14 0.740625 0.717187 0.512500 0.534375
224 14 0.740625 0.717187 0.512500 0.534375
225 14 0.740625 0.717187 0.512500 0.534375
226 14 0.740625 0.717187 0.512500 0.534375
227 14 0.740625 0.717187 0.512500 0.534375
228 14 0.740625 0.717187 0.512500 0.534375
229 8 0.681250 0.703125 0.418750 0.518750
230 8 0.787500 0.737500 0.418750 0.518750
231 8 0.787500 0.737500 0.418750 0.518750
232 8 0.787500 0.737500 0.418750 0.518750
233 8 0.787500 0.737500 0.418750 0.518750
234 8 0.787500 0.737500 0.418750 0.518750
235 8 0.787500 0.737500 0.418750 0.518750
236 8 0.787500 0.737500 0.418750 0.518750
237 8 0.787500 0.737500 0.418750 0.518750
238 8 0.787500 0.737500 0.418750 0.518750
239 8 0.787500 0.737500 0.418750 0.518750
240 8 0.787500 0.737500 0.418750 0.518750
241 8 0.787500 0.737500 0.418750 0.518750
242 8 0.787500 0.737500 0.418750 0.518750
243 8 0.787500 0.737500 0.418750 0.518750
244 8 0.787500 0.737500 0.418750 0.518750
245 8 0.787500 0.737500 0.418750 0.518750
246 8 0.787500 0.737500 0.418750 0.518750
247 8 0.787500 0.737500 0.418750 0.518750
248 8 0.787500 0.737500 0.418750 0.518750
249 14 0.740625 0.729688 0.512500 0.534375
250 14 0.740625 0.709063 0.512500 0.534375
251 14 0.740625 0.688438 0.512500 0.534375
252 14 0.740625 0.667813 0.512500 0.534375
253 14 0.740625 0.647188 0.512500 0.534375
254 14 0.740625 0.626563 0.512500 0.534375
255 14 0.740625 0.616406 0.512500 0.534375
256 14 0.740625 0.606250 0.512500 0.534375
257 14 0.740625 0.596094 0.512500 0.534375
258 14 0.740625 0.585938 0.512500 0.534375
259 14 0.740625 0.585938 0.512500 0.534375
260 14 0.740625 0.585938 0.512500 0.534375
261 8 0.696875 0.593750 0.418750 0.518750
262 8 0.696875 0.593750 0.418750 0.518750
263 8 0.696875 0.593750 0.418750 0.518750
264 8 0.696875 0.593750 0.418750 0.518750
265 8 0.696875 0.593750 0.418750 0.518750
266 8 0.696875 0.593750 0.418750 0.518750
267 8 0.696875 0.593750 0.418750 0.518750
268 8 0.696875 0.593750 0.418750 0.518750
269 8 0.696875 0.593750 0.418750 0.518750
270 8 0.696875 0.593750 0.418750 0.518750
271 8 0.696875 0.593750 0.418750 0.518750
272 8 0.696875 0.593750 0.418750 0.518750
273 8 0.696875 0.593750 0.418750 0.518750
274 8 0.696875 0.593750 0.418750 0.518750
275 8 0.696875 0.593750 0.418750 0.518750
276 8 0.696875 0.593750 0.418750 0.518750
277 8 0.696875 0.593750 0.418750 0.518750
278 8 0.696875 0.593750 0.418750 0.518750
279 8 0.696875 0.593750 0.418750 0.518750
280 8 0.696875 0.593750 0.418750 0.518750
281 8 0.696875 0.593750 0.418750 0.518750
282 8 0.696875 0.593750 0.418750 0.518750
283 8 0.696875 0.593750 0.418750 0.518750
284 14 0.665625 0.520312 0.512500 0.534375
285 14 0.657589 0.520759 0.512500 0.534375
286 14 0.649554 0.521205 0.512500 0.534375
287 14 0.641518 0.521652 0.512500 0.534375
288 14 0.633482 0.522098 0.512500 0.534375
289 14 0.625446 0.522545 0.512500 0.534375
290 14 0.617411 0.522991 0.512500 0.534375
291 14 0.609375 0.523438 0.512500 0.534375
292 8 0.609375 0.531250 0.418750 0.518750
293 8 0.609375 0.531250 0.418750 0.518750
294 8 0.609375 0.531250 0.418750 0.518750
295 8 0.609375 0.531250 0.418750 0.518750
296 8 0.609375 0.531250 0.418750 0.518750
297 8 0.609375 0.531250 0.418750 0.518750
298 8 0.609375 0.531250 0.418750 0.518750
299 8 0.609375 0.531250 0.418750 0.518750
300 8 0.609375 0.531250 0.418750 0.518750
301 8 0.609375 0.531250 0.418750 0.518750
302 8 0.609375 0.531250 0.418750 0.518750
303 8 0.609375 0.531250 0.418750 0.518750
304 8 0.609375 0.531250 0.418750 0.518750
305 8 0.609375 0.531250 0.418750 0.518750
306 8 0.609375 0.531250 0.418750 0.518750
307 8 0.609375 0.531250 0.418750 0.518750
308 8 0.609375 0.531250 0.418750 0.518750
309 14 0.609375 0.523438 0.512500 0.534375
310 14 0.606944 0.531771 0.512500 0.534375
311 14 0.604514 0.540104 0.512500 0.534375
312 14 0.602083 0.548438 0.512500 0.534375
313 14 0.599653 0.556771 0.512500 0.534375
314 14 0.597222 0.565104 0.512500 0.534375
315 14 0.594792 0.573438 0.512500 0.534375
316 14 0.592361 0.581771 0.512500 0.534375
317 14 0.589931 0.590104 0.512500 0.534375
318 14 0.587500 0.598437 0.512500 0.534375
319 14 0.587500 0.598437 0.512500 0.534375
320 14 0.587500 0.598437 0.512500 0.534375
321 14 0.587500 0.598437 0.512500 0.534375
322 8 0.575000 0.634375 0.418750 0.518750
323 8 0.575000 0.634375 0.418750 0.518750
324 8 0.575000 0.634375 0.418750 0.518750
325 8 0.575000 0.634375 0.418750 0.518750
326 8 0.575000 0.634375 0.418750 0.518750
327 8 0.575000 0.634375 0.418750 0.518750
328 8 0.575000 0.634375 0.418750 0.518750
329 8 0.575000 0.634375 0.418750 0.518750
330 8 0.575000 0.634375 0.418750 0.518750
331 8 0.575000 0.634375 0.418750 0.518750
332 8 0.575000 0.634375 0.418750 0.518750
333 8 0.575000 0.634375 0.418750 0.518750
334 8 0.575000 0.634375 0.418750 0.518750
335 8 0.575000 0.634375 0.418750 0.518750
336 8 0.575000 0.634375 0.418750 0.518750
337 8 0.575000 0.634375 0.418750 0.518750
338 8 0.575000 0.634375 0.418750 0.518750
339 8 0.575000 0.634375 0.418750 0.518750
340 14 0.587500 0.651563 0.512500 0.534375
341 14 0.588393 0.662723 0.512500 0.534375
342 14 0.589286 0.673884 0.512500 0.534375
343 14 0.590179 0.685045 0.512500 0.534375
344 14 0.591071 0.696205 0.512500 0.534375
345 14 0.591964 0.707366 0.512500 0.534375
346 14 0.592857 0.718527 0.512500 0.534375
347 14 0.593750 0.729688 0.512500 0.534375
348 14 0.611719 0.729688 0.512500 0.534375
349 14 0.629687 0.729688 0.512500 0.534375
350 14 0.647656 0.729688 0.512500 0.534375
351 14 0.665625 0.729688 0.512500 0.534375
352 14 0.665625 0.729688 0.512500 0.534375
353 14 0.665625 0.729688 0.512500 0.534375
354 8 0.737500 0.737500 0.418750 0.518750
355 8 0.737500 0.737500 0.418750 0.518750
356 8 0.737500 0.737500 0.418750 0.518750
357 8 0.737500 0.737500 0.418750 0.518750
358 8 0.737500 0.737500 0.418750 0.518750
359 8 0.737500 0.737500 0.418750 0.518750
360 8 0.737500 0.737500 0.418750 0.518750
361 8 0.737500 0.737500 0.418750 0.518750
362 8 0.737500 0.737500 0.418750 0.518750
363 8 0.737500 0.737500 0.418750 0.518750
364 8 0.737500 0.737500 0.418750 0.518750
365 8 0.737500 0.737500 0.418750 0.518750
366 8 0.737500 0.737500 0.418750 0.518750
367 8 0.737500 0.737500 0.418750 0.518750
368 8 0.737500 0.737500 0.418750 0.518750
369 8 0.737500 0.737500 0.418750 0.518750
370 8 0.737500 0.737500 0.418750 0.518750
371 8 0.737500 0.737500 0.418750 0.518750
372 8 0.737500 0.737500 0.418750 0.518750
373 8 0.737500 0.737500 0.418750 0.518750
374 14 0.707812 0.792188 0.478125 0.409375
375 14 0.714955 0.792188 0.478125 0.409375
376 14 0.722098 0.792188 0.478125 0.409375
377 14 0.729241 0.792188 0.478125 0.409375
378 14 0.736384 0.792188 0.478125 0.409375
379 14 0.743527 0.792188 0.478125 0.409375
380 14 0.750670 0.792188 0.478125 0.409375
381 14 0.757813 0.792188 0.478125 0.409375
382 14 0.757813 0.792188 0.478125 0.409375
383 14 0.757813 0.792188 0.478125 0.409375
384 14 0.757813 0.792188 0.478125 0.409375
385 14 0.757813 0.792188 0.478125 0.409375
386 14 0.757813 0.792188 0.478125 0.409375
387 8 0.787500 0.737500 0.418750 0.518750
388 8 0.787500 0.737500 0.418750 0.518750
389 8 0.787500 0.737500 0.418750 0.518750
390 8 0.787500 0.737500 0.418750 0.518750
391 8 0.787500 0.737500 0.418750 0.518750
392 8 0.787500 0.737500 0.418750 0.518750
393 8 0.787500 0.737500 0.418750 0.518750
394 8 0.787500 0.737500 0.418750 0.518750
395 8 0.787500 0.737500 0.418750 0.518750
396 8 0.787500 0.737500 0.418750 0.518750
397 8 0.787500 0.737500 0.418750 0.518750
398 8 0.787500 0.737500 0.418750 0.518750
399 8 0.787500 0.737500 0.418750 0.518750
400 8 0.787500 0.737500 0.418750 0.518750
401 8 0.787500 0.737500 0.418750 0.518750
402 8 0.787500 0.737500 0.418750 0.518750
403 8 0.787500 0.737500 0.418750 0.518750
404 8 0.787500 0.737500 0.418750 0.518750
405 14 0.757813 0.792188 0.478125 0.409375
