1 5 0.593750 0.573438 0.425000 0.421875
2 5 0.587946 0.570647 0.413393 0.416295
3 5 0.582143 0.567857 0.401786 0.410714
4 5 0.576339 0.565067 0.390179 0.405134
5 5 0.570536 0.562277 0.378571 0.399554
6 5 0.564732 0.559487 0.366964 0.393973
7 5 0.558929 0.556696 0.355357 0.388393
8 5 0.553125 0.553906 0.343750 0.382813
9 5 0.547321 0.551116 0.332143 0.377232
10 5 0.541518 0.548326 0.320536 0.371652
11 5 0.535714 0.545536 0.308929 0.366071
12 5 0.529911 0.542746 0.297321 0.360491
13 5 0.524107 0.539955 0.285714 0.354911
14 5 0.518304 0.537165 0.274107 0.349330
15 5 0.512500 0.534375 0.262500 0.343750
16 5 0.514423 0.536058 0.262500 0.343750
17 5 0.516346 0.537740 0.262500 0.343750
18 5 0.518269 0.539423 0.262500 0.343750
19 5 0.520192 0.541106 0.262500 0.343750
20 5 0.522115 0.542788 0.262500 0.343750
21 5 0.524038 0.544471 0.262500 0.343750
22 14 0.525962 0.546154 0.262500 0.343750
23 14 0.527885 0.547837 0.262500 0.343750
24 14 0.529808 0.549519 0.262500 0.343750
25 14 0.531731 0.551202 0.262500 0.343750
26 14 0.533654 0.552885 0.262500 0.343750
27 14 0.535577 0.554567 0.262500 0.343750
28 14 0.537500 0.556250 0.262500 0.343750
29 14 0.539423 0.557933 0.262500 0.343750
30 14 0.541346 0.559615 0.262500 0.343750
31 14 0.543269 0.561298 0.262500 0.343750
32 14 0.545192 0.562981 0.262500 0.343750
33 14 0.547115 0.564663 0.262500 0.343750
34 14 0.549038 0.566346 0.262500 0.343750
35 14 0.550962 0.568029 0.262500 0.343750
36 14 0.552885 0.569712 0.262500 0.343750
37 14 0.554808 0.571394 0.262500 0.343750
38 14 0.556731 0.573077 0.262500 0.343750
39 14 0.558654 0.574760 0.262500 0.343750
40 14 0.560577 0.576442 0.262500 0.343750
41 14 0.562500 0.578125 0.262500 0.343750
42 14 0.567969 0.581250 0.273437 0.350000
43 14 0.573437 0.584375 0.284375 0.356250
44 14 0.578906 0.587500 0.295312 0.362500
45 14 0.584375 0.590625 0.306250 0.368750
46 14 0.589844 0.593750 0.317187 0.375000
47 14 0.595312 0.596875 0.328125 0.381250
48 14 0.603906 0.594531 0.328125 0.381250
49 14 0.612500 0.592187 0.328125 0.381250
50 14 0.621094 0.589844 0.328125 0.381250
51 14 0.629687 0.587500 0.328125 0.381250
52 14 0.628125 0.586719 0.331250 0.382813
53 14 0.626562 0.585937 0.334375 0.384375
54 14 0.625000 0.585156 0.337500 0.385938
55 14 0.623437 0.584375 0.340625 0.387500
56 14 0.621875 0.583594 0.343750 0.389063
57 14 0.620312 0.582812 0.346875 0.390625
58 14 0.618750 0.582031 0.350000 0.392188
59 14 0.617187 0.581250 0.353125 0.393750
60 14 0.615625 0.580469 0.356250 0.395313
61 14 0.614062 0.579688 0.359375 0.396875
62 14 0.612500 0.578906 0.362500 0.398438
63 14 0.610937 0.578125 0.365625 0.400000
64 14 0.609375 0.577344 0.368750 0.401563
65 5 0.607812 0.576562 0.371875 0.403125
66 5 0.602083 0.572917 0.371875 0.403125
67 5 0.596354 0.569271 0.371875 0.403125
68 5 0.590625 0.565625 0.371875 0.403125
69 5 0.584896 0.561979 0.371875 0.403125
70 5 0.579167 0.558333 0.371875 0.403125
71 5 0.573437 0.554688 0.371875 0.403125
72 5 0.560547 0.546094 0.346094 0.385938
73 5 0.547656 0.537500 0.320313 0.368750
74 5 0.534766 0.528906 0.294531 0.351563
75 5 0.521875 0.520312 0.268750 0.334375
76 5 0.522822 0.520881 0.268750 0.334375
77 5 0.523769 0.521449 0.268750 0.334375
78 5 0.524716 0.522017 0.268750 0.334375
79 5 0.525663 0.522585 0.268750 0.334375
80 5 0.526610 0.523153 0.268750 0.334375
81 5 0.527557 0.523722 0.268750 0.334375
82 5 0.528504 0.524290 0.268750 0.334375
83 5 0.529451 0.524858 0.268750 0.334375
84 5 0.530398 0.525426 0.268750 0.334375
85 14 0.541903 0.537198 0.321023 0.369496
86 14 0.542391 0.537279 0.318750 0.367969
87 14 0.542879 0.537360 0.316477 0.366442
88 14 0.543367 0.537441 0.314205 0.364915
89 14 0.543855 0.537522 0.311932 0.363388
90 14 0.544343 0.537603 0.309659 0.361861
91 14 0.544831 0.537685 0.307386 0.360334
92 14 0.545319 0.537766 0.305114 0.358807
93 14 0.545807 0.537847 0.302841 0.357280
94 14 0.546294 0.537928 0.300568 0.355753
95 14 0.546782 0.538009 0.298295 0.354226
96 14 0.547270 0.538090 0.296023 0.352699
97 14 0.547758 0.538171 0.293750 0.351172
98 14 0.548246 0.538252 0.291477 0.349645
99 14 0.548734 0.538333 0.289205 0.348118
100 14 0.549222 0.538414 0.286932 0.346591
101 14 0.549710 0.538495 0.284659 0.345064
102 14 0.550198 0.538576 0.282386 0.343537
103 14 0.550686 0.538657 0.280114 0.342010
104 14 0.551173 0.538738 0.277841 0.340483
105 14 0.551661 0.538819 0.275568 0.338956
106 14 0.552149 0.538900 0.273295 0.337429
107 14 0.552637 0.538981 0.271023 0.335902
108 14 0.553125 0.539062 0.268750 0.334375
109 14 0.565625 0.540234 0.285938 0.336719
110 14 0.578125 0.541406 0.303125 0.339063
111 14 0.590625 0.542578 0.320312 0.341406
112 14 0.603125 0.543750 0.337500 0.343750
113 14 0.615000 0.543125 0.337500 0.343750
114 14 0.626875 0.542500 0.337500 0.343750
115 14 0.638750 0.541875 0.337500 0.343750
116 14 0.650625 0.541250 0.337500 0.343750
117 14 0.662500 0.540625 0.337500 0.343750
118 14 0.671875 0.539844 0.337500 0.343750
119 14 0.681250 0.539062 0.337500 0.343750
120 14 0.690625 0.538281 0.337500 0.343750
121 14 0.700000 0.537500 0.337500 0.343750
122 14 0.740625 0.539062 0.371875 0.359375
123 14 0.781250 0.540625 0.406250 0.375000
124 14 0.776562 0.539062 0.406250 0.375000
125 14 0.771875 0.537500 0.406250 0.375000
126 14 0.767187 0.535937 0.406250 0.375000
127 14 0.762500 0.534375 0.406250 0.375000
128 14 0.757812 0.532812 0.406250 0.375000
129 14 0.753125 0.531250 0.406250 0.375000
130 14 0.748437 0.529687 0.406250 0.375000
131 14 0.743750 0.528125 0.406250 0.375000
132 14 0.739062 0.526562 0.406250 0.375000
133 14 0.734375 0.525000 0.406250 0.375000
134 14 0.729687 0.523437 0.406250 0.375000
135 14 0.725000 0.521875 0.406250 0.375000
136 5 0.696658 0.516160 0.398750 0.372784
137 5 0.699855 0.515981 0.401250 0.373523
138 5 0.703053 0.515803 0.403750 0.374261
139 5 0.706250 0.515625 0.406250 0.375000
140 5 0.670312 0.515625 0.406250 0.375000
141 5 0.634375 0.515625 0.406250 0.375000
142 5 0.613542 0.509896 0.364583 0.363542
143 5 0.592708 0.504167 0.322917 0.352083
144 5 0.571875 0.498437 0.281250 0.340625
145 5 0.568750 0.501250 0.267500 0.335000
146 5 0.565625 0.504062 0.253750 0.329375
147 5 0.562500 0.506875 0.240000 0.323750
148 5 0.559375 0.509687 0.226250 0.318125
149 5 0.556250 0.512500 0.212500 0.312500
150 5 0.557437 0.513187 0.214875 0.313875
151 5 0.558625 0.513875 0.217250 0.315250
152 5 0.559812 0.514562 0.219625 0.316625
153 5 0.561000 0.515250 0.222000 0.318000
154 5 0.562187 0.515937 0.224375 0.319375
155 5 0.563375 0.516625 0.226750 0.320750
156 5 0.564562 0.517312 0.229125 0.322125
157 5 0.565750 0.518000 0.231500 0.323500
158 5 0.566937 0.518687 0.233875 0.324875
159 14 0.568125 0.519375 0.236250 0.326250
160 14 0.569312 0.520062 0.238625 0.327625
161 14 0.570500 0.520750 0.241000 0.329000
162 14 0.571687 0.521437 0.243375 0.330375
163 14 0.572875 0.522125 0.245750 0.331750
164 14 0.574062 0.522812 0.248125 0.333125
165 14 0.575250 0.523500 0.250500 0.334500
166 14 0.576437 0.524187 0.252875 0.335875
167 14 0.577625 0.524875 0.255250 0.337250
168 14 0.578812 0.525562 0.257625 0.338625
169 14 0.580000 0.526250 0.260000 0.340000
170 14 0.581187 0.526937 0.262375 0.341375
171 14 0.582375 0.527625 0.264750 0.342750
172 14 0.583562 0.528312 0.267125 0.344125
173 14 0.584750 0.529000 0.269500 0.345500
174 14 0.585937 0.529687 0.271875 0.346875
175 14 0.591295 0.529687 0.271875 0.346875
176 14 0.596652 0.529687 0.271875 0.346875
177 14 0.602009 0.529687 0.271875 0.346875
178 14 0.607366 0.529687 0.271875 0.346875
179 14 0.612723 0.529687 0.271875 0.346875
180 14 0.618080 0.529687 0.271875 0.346875
181 14 0.623437 0.529687 0.271875 0.346875
182 14 0.630469 0.532812 0.285938 0.353125
183 14 0.637500 0.535937 0.300000 0.359375
184 14 0.644531 0.539062 0.314063 0.365625
185 14 0.651562 0.542187 0.328125 0.371875
186 14 0.656027 0.543527 0.337054 0.374554
187 14 0.660491 0.544866 0.345982 0.377232
188 14 0.664955 0.546205 0.354911 0.379911
189 14 0.669420 0.547545 0.363839 0.382589
190 14 0.673884 0.548884 0.372768 0.385268
191 14 0.678348 0.550223 0.381696 0.387946
192 14 0.682812 0.551562 0.390625 0.390625
193 14 0.685937 0.553320 0.396875 0.394141
194 14 0.689062 0.555078 0.403125 0.397656
195 14 0.692187 0.556836 0.409375 0.401172
196 14 0.695312 0.558594 0.415625 0.404688
197 14 0.698437 0.560352 0.421875 0.408203
198 14 0.701562 0.562109 0.428125 0.411719
199 14 0.704687 0.563867 0.434375 0.415234
200 14 0.707812 0.565625 0.440625 0.418750
201 14 0.703125 0.564323 0.440625 0.418750
202 14 0.698437 0.563021 0.440625 0.418750
203 14 0.693750 0.561719 0.440625 0.418750
204 14 0.689062 0.560417 0.440625 0.418750
205 14 0.684375 0.559115 0.440625 0.418750
206 14 0.679687 0.557812 0.440625 0.418750
207 14 0.675000 0.556510 0.440625 0.418750
208 14 0.670312 0.555208 0.440625 0.418750
209 14 0.665625 0.553906 0.440625 0.418750
210 14 0.660937 0.552604 0.440625 0.418750
211 14 0.656250 0.551302 0.440625 0.418750
212 5 0.651562 0.550000 0.440625 0.418750
213 5 0.642969 0.548437 0.440625 0.418750
214 5 0.634375 0.546875 0.440625 0.418750
215 5 0.625781 0.545312 0.440625 0.418750
216 5 0.617187 0.543750 0.440625 0.418750
217 5 0.604167 0.536458 0.406250 0.391667
218 5 0.591146 0.529167 0.371875 0.364583
219 5 0.578125 0.521875 0.337500 0.337500
220 5 0.574023 0.521875 0.328516 0.332813
221 5 0.569922 0.521875 0.319531 0.328125
222 5 0.565820 0.521875 0.310547 0.323438
223 5 0.561719 0.521875 0.301563 0.318750
224 5 0.557617 0.521875 0.292578 0.314063
225 5 0.553516 0.521875 0.283594 0.309375
226 5 0.549414 0.521875 0.274609 0.304688
227 5 0.545312 0.521875 0.265625 0.300000
228 5 0.546662 0.522088 0.268324 0.300426
229 5 0.548011 0.522301 0.271023 0.300852
230 5 0.549361 0.522514 0.273722 0.301278
231 5 0.550710 0.522727 0.276420 0.301705
232 5 0.552060 0.522940 0.279119 0.302131
233 5 0.553409 0.523153 0.281818 0.302557
234 5 0.554759 0.523366 0.284517 0.302983
235 14 0.564309 0.573177 0.367599 0.349671
236 14 0.565073 0.569847 0.364556 0.346793
237 14 0.565836 0.566518 0.361513 0.343914
238 14 0.566600 0.563188 0.358470 0.341036
239 14 0.567364 0.559859 0.355428 0.338158
240 14 0.568127 0.556529 0.352385 0.335280
241 14 0.568891 0.553199 0.349342 0.332401
242 14 0.569655 0.549870 0.346299 0.329523
243 14 0.570418 0.546540 0.343257 0.326645
244 14 0.571182 0.543211 0.340214 0.323766
245 14 0.571945 0.539881 0.337171 0.320888
246 14 0.572709 0.536551 0.334128 0.318010
247 14 0.573473 0.533222 0.331086 0.315132
248 14 0.574236 0.529892 0.328043 0.312253
249 14 0.575000 0.526562 0.325000 0.309375
250 14 0.578348 0.526562 0.325000 0.309375
251 14 0.581696 0.526562 0.325000 0.309375
252 14 0.585045 0.526562 0.325000 0.309375
253 14 0.588393 0.526562 0.325000 0.309375
254 14 0.591741 0.526562 0.325000 0.309375
255 14 0.595089 0.526562 0.325000 0.309375
256 14 0.598437 0.526562 0.325000 0.309375
257 14 0.601786 0.526562 0.325000 0.309375
258 14 0.605134 0.526562 0.325000 0.309375
259 14 0.608482 0.526562 0.325000 0.309375
260 14 0.611830 0.526562 0.325000 0.309375
261 14 0.615179 0.526562 0.325000 0.309375
262 14 0.618527 0.526562 0.325000 0.309375
263 14 0.621875 0.526562 0.325000 0.309375
264 14 0.625130 0.527474 0.331510 0.311198
265 14 0.628385 0.528385 0.338021 0.313021
266 14 0.631641 0.529297 0.344531 0.314844
267 14 0.634896 0.530208 0.351042 0.316667
268 14 0.638151 0.531120 0.357552 0.318490
269 14 0.641406 0.532031 0.364063 0.320313
270 14 0.644661 0.532943 0.370573 0.322135
271 14 0.647917 0.533854 0.377083 0.323958
272 14 0.651172 0.534766 0.383594 0.325781
273 14 0.654427 0.535677 0.390104 0.327604
274 14 0.657682 0.536589 0.396615 0.329427
275 14 0.660937 0.537500 0.403125 0.331250
276 14 0.659492 0.537500 0.403125 0.331250
277 14 0.658047 0.537500 0.403125 0.331250
278 14 0.656602 0.537500 0.403125 0.331250
279 14 0.655156 0.537500 0.403125 0.331250
280 14 0.653711 0.537500 0.403125 0.331250
281 14 0.652266 0.537500 0.403125 0.331250
282 14 0.650820 0.537500 0.403125 0.331250
283 14 0.649375 0.537500 0.403125 0.331250
284 14 0.647930 0.537500 0.403125 0.331250
285 5 0.579859 0.536012 0.390640 0.328275
286 5 0.580352 0.536260 0.392721 0.328770
287 5 0.580844 0.536508 0.394802 0.329266
288 5 0.581336 0.536756 0.396882 0.329762
289 5 0.581828 0.537004 0.398963 0.330258
290 5 0.582320 0.537252 0.401044 0.330754
291 5 0.582812 0.537500 0.403125 0.331250
292 5 0.578125 0.535937 0.393750 0.328125
293 5 0.573437 0.534375 0.384375 0.325000
294 5 0.568750 0.532812 0.375000 0.321875
295 5 0.564062 0.531250 0.365625 0.318750
296 5 0.559375 0.529687 0.356250 0.315625
297 5 0.554687 0.528125 0.346875 0.312500
298 5 0.550000 0.526563 0.337500 0.309375
299 5 0.545312 0.525000 0.328125 0.306250
300 5 0.546548 0.525436 0.328125 0.306250
301 5 0.547783 0.525872 0.328125 0.306250
302 5 0.549019 0.526308 0.328125 0.306250
303 5 0.550254 0.526744 0.328125 0.306250
304 5 0.551490 0.527180 0.328125 0.306250
305 5 0.552725 0.527616 0.328125 0.306250
306 5 0.553961 0.528052 0.328125 0.306250
307 5 0.555196 0.528488 0.328125 0.306250
308 14 0.556432 0.528924 0.328125 0.306250
309 14 0.557667 0.529360 0.328125 0.306250
310 14 0.558903 0.529797 0.328125 0.306250
311 14 0.560138 0.530233 0.328125 0.306250
312 14 0.561374 0.530669 0.328125 0.306250
313 14 0.562609 0.531105 0.328125 0.306250
314 14 0.563844 0.531541 0.328125 0.306250
315 14 0.565080 0.531977 0.328125 0.306250
316 14 0.566315 0.532413 0.328125 0.306250
317 14 0.567551 0.532849 0.328125 0.306250
318 14 0.568786 0.533285 0.328125 0.306250
319 14 0.570022 0.533721 0.328125 0.306250
320 14 0.571257 0.534157 0.328125 0.306250
321 14 0.572493 0.534593 0.328125 0.306250
322 14 0.573728 0.535029 0.328125 0.306250
323 14 0.574964 0.535465 0.328125 0.306250
324 14 0.576199 0.535901 0.328125 0.306250
325 14 0.577435 0.536337 0.328125 0.306250
326 14 0.578670 0.536773 0.328125 0.306250
327 14 0.579906 0.537209 0.328125 0.306250
328 14 0.581141 0.537645 0.328125 0.306250
329 14 0.582376 0.538081 0.328125 0.306250
330 14 0.583612 0.538517 0.328125 0.306250
331 14 0.584847 0.538953 0.328125 0.306250
332 14 0.586083 0.539390 0.328125 0.306250
333 14 0.587318 0.539826 0.328125 0.306250
334 14 0.588554 0.540262 0.328125 0.306250
335 14 0.589789 0.540698 0.328125 0.306250
336 14 0.591025 0.541134 0.328125 0.306250
337 14 0.592260 0.541570 0.328125 0.306250
338 14 0.593496 0.542006 0.328125 0.306250
339 14 0.594731 0.542442 0.328125 0.306250
340 14 0.595967 0.542878 0.328125 0.306250
341 14 0.597202 0.543314 0.328125 0.306250
342 14 0.598437 0.543750 0.328125 0.306250
343 14 0.601562 0.542857 0.328125 0.306250
344 14 0.604687 0.541964 0.328125 0.306250
345 14 0.607812 0.541071 0.328125 0.306250
346 14 0.610937 0.540179 0.328125 0.306250
347 14 0.614062 0.539286 0.328125 0.306250
348 14 0.617187 0.538393 0.328125 0.306250
349 14 0.620312 0.537500 0.328125 0.306250
350 14 0.623437 0.536250 0.334375 0.308750
351 14 0.626562 0.535000 0.340625 0.311250
352 14 0.629687 0.533750 0.346875 0.313750
353 14 0.632812 0.532500 0.353125 0.316250
354 14 0.635937 0.531250 0.359375 0.318750
355 14 0.632445 0.531250 0.359375 0.318750
356 14 0.628952 0.531250 0.359375 0.318750
357 14 0.625460 0.531250 0.359375 0.318750
358 14 0.621967 0.531250 0.359375 0.318750
359 14 0.618474 0.531250 0.359375 0.318750
360 14 0.614982 0.531250 0.359375 0.318750
361 14 0.611489 0.531250 0.359375 0.318750
362 14 0.607996 0.531250 0.359375 0.318750
363 14 0.604504 0.531250 0.359375 0.318750
364 14 0.601011 0.531250 0.359375 0.318750
365 5 0.574559 0.530991 0.356445 0.317578
366 5 0.574893 0.531034 0.356934 0.317773
367 5 0.575227 0.531077 0.357422 0.317969
368 5 0.575561 0.531121 0.357910 0.318164
369 5 0.575895 0.531164 0.358398 0.318359
370 5 0.576229 0.531207 0.358887 0.318555
371 5 0.576562 0.531250 0.359375 0.318750
372 5 0.574006 0.533807 0.359375 0.318750
373 5 0.571449 0.536364 0.359375 0.318750
374 5 0.568892 0.538920 0.359375 0.318750
375 5 0.566335 0.541477 0.359375 0.318750
376 5 0.563778 0.544034 0.359375 0.318750
377 5 0.561222 0.546591 0.359375 0.318750
378 5 0.558665 0.549148 0.359375 0.318750
379 5 0.556108 0.551705 0.359375 0.318750
380 5 0.553551 0.554261 0.359375 0.318750
381 5 0.550994 0.556818 0.359375 0.318750
382 5 0.548437 0.559375 0.359375 0.318750
383 5 0.548437 0.559375 0.359375 0.318750
384 5 0.548437 0.559375 0.359375 0.318750
385 5 0.548437 0.559375 0.359375 0.318750
386 5 0.548437 0.559375 0.359375 0.318750
387 5 0.548437 0.559375 0.359375 0.318750
388 14 0.548437 0.559375 0.359375 0.318750
389 14 0.548437 0.559375 0.359375 0.318750
390 14 0.548437 0.559375 0.359375 0.318750
391 14 0.548437 0.559375 0.359375 0.318750
392 14 0.548437 0.559375 0.359375 0.318750
393 14 0.548437 0.559375 0.359375 0.318750
394 14 0.548437 0.559375 0.359375 0.318750
395 14 0.548437 0.559375 0.359375 0.318750
396 14 0.548437 0.559375 0.359375 0.318750
397 14 0.548437 0.559375 0.359375 0.318750
398 14 0.548437 0.559375 0.359375 0.318750
399 14 0.548437 0.559375 0.359375 0.318750
400 14 0.548437 0.559375 0.359375 0.318750
401 14 0.548437 0.559375 0.359375 0.318750
402 14 0.548437 0.559375 0.359375 0.318750
403 14 0.548437 0.559375 0.359375 0.318750
404 14 0.548437 0.559375 0.359375 0.318750
405 14 0.548437 0.559375 0.359375 0.318750
