1 12 0.556250 0.629687 0.493750 0.459375
2 12 0.581250 0.607031 0.443750 0.414062
3 12 0.606250 0.584375 0.393750 0.368750
4 12 0.613281 0.603906 0.393750 0.368750
5 12 0.620312 0.623438 0.393750 0.368750
6 12 0.627344 0.642969 0.393750 0.368750
7 12 0.634375 0.662500 0.393750 0.368750
8 12 0.633705 0.662016 0.393750 0.368750
9 12 0.633036 0.661533 0.393750 0.368750
10 12 0.632366 0.661049 0.393750 0.368750
11 12 0.631696 0.660565 0.393750 0.368750
12 12 0.631027 0.660082 0.393750 0.368750
13 12 0.630357 0.659598 0.393750 0.368750
14 12 0.629687 0.659115 0.393750 0.368750
15 12 0.629018 0.658631 0.393750 0.368750
16 12 0.628348 0.658147 0.393750 0.368750
17 12 0.627679 0.657664 0.393750 0.368750
18 12 0.627009 0.657180 0.393750 0.368750
19 12 0.626339 0.656696 0.393750 0.368750
20 12 0.625670 0.656213 0.393750 0.368750
21 12 0.625000 0.655729 0.393750 0.368750
22 12 0.624330 0.655246 0.393750 0.368750
23 12 0.623661 0.654762 0.393750 0.368750
24 12 0.622991 0.654278 0.393750 0.368750
25 12 0.622321 0.653795 0.393750 0.368750
26 12 0.621652 0.653311 0.393750 0.368750
27 12 0.620982 0.652827 0.393750 0.368750
28 12 0.620312 0.652344 0.393750 0.368750
29 12 0.619643 0.651860 0.393750 0.368750
30 12 0.618973 0.651376 0.393750 0.368750
31 12 0.618304 0.650893 0.393750 0.368750
32 12 0.617634 0.650409 0.393750 0.368750
33 12 0.616964 0.649926 0.393750 0.368750
34 12 0.616295 0.649442 0.393750 0.368750
35 12 0.615625 0.648958 0.393750 0.368750
36 12 0.614955 0.648475 0.393750 0.368750
37 12 0.614286 0.647991 0.393750 0.368750
38 12 0.613616 0.647507 0.393750 0.368750
39 12 0.612946 0.647024 0.393750 0.368750
40 12 0.612277 0.646540 0.393750 0.368750
41 12 0.611607 0.646057 0.393750 0.368750
42 12 0.610937 0.645573 0.393750 0.368750
43 12 0.610268 0.645089 0.393750 0.368750
44 12 0.609598 0.644606 0.393750 0.368750
45 12 0.608929 0.644122 0.393750 0.368750
46 12 0.608259 0.643638 0.393750 0.368750
47 12 0.607589 0.643155 0.393750 0.368750
48 12 0.606920 0.642671 0.393750 0.368750
49 12 0.606250 0.642188 0.393750 0.368750
50 12 0.605580 0.641704 0.393750 0.368750
51 12 0.604911 0.641220 0.393750 0.368750
52 12 0.604241 0.640737 0.393750 0.368750
53 12 0.603571 0.640253 0.393750 0.368750
54 12 0.602902 0.639769 0.393750 0.368750
55 12 0.602232 0.639286 0.393750 0.368750
56 12 0.601562 0.638802 0.393750 0.368750
57 12 0.600893 0.638318 0.393750 0.368750
58 12 0.600223 0.637835 0.393750 0.368750
59 12 0.599554 0.637351 0.393750 0.368750
60 12 0.598884 0.636868 0.393750 0.368750
61 12 0.598214 0.636384 0.393750 0.368750
62 12 0.597545 0.635900 0.393750 0.368750
63 12 0.596875 0.635417 0.393750 0.368750
64 12 0.596205 0.634933 0.393750 0.368750
65 12 0.595536 0.634449 0.393750 0.368750
66 12 0.594866 0.633966 0.393750 0.368750
67 12 0.594196 0.633482 0.393750 0.368750
68 12 0.593527 0.632999 0.393750 0.368750
69 12 0.592857 0.632515 0.393750 0.368750
70 12 0.592187 0.632031 0.393750 0.368750
71 12 0.591518 0.631548 0.393750 0.368750
72 12 0.590848 0.631064 0.393750 0.368750
73 12 0.590179 0.630580 0.393750 0.368750
74 12 0.589509 0.630097 0.393750 0.368750
75 12 0.588839 0.629613 0.393750 0.368750
76 12 0.588170 0.629129 0.393750 0.368750
77 12 0.587500 0.628646 0.393750 0.368750
78 12 0.586830 0.628162 0.393750 0.368750
79 12 0.586161 0.627679 0.393750 0.368750
80 12 0.585491 0.627195 0.393750 0.368750
81 12 0.584821 0.626711 0.393750 0.368750
82 12 0.584152 0.626228 0.393750 0.368750
83 12 0.583482 0.625744 0.393750 0.368750
84 12 0.582812 0.625260 0.393750 0.368750
85 12 0.582143 0.624777 0.393750 0.368750
86 12 0.581473 0.624293 0.393750 0.368750
87 12 0.580804 0.623810 0.393750 0.368750
88 12 0.580134 0.623326 0.393750 0.368750
89 12 0.579464 0.622842 0.393750 0.368750
90 12 0.578795 0.622359 0.393750 0.368750
91 12 0.578125 0.621875 0.393750 0.368750
92 12 0.578125 0.621875 0.393750 0.368750
93 12 0.578125 0.621875 0.393750 0.368750
94 12 0.578125 0.621875 0.393750 0.368750
95 12 0.578125 0.621875 0.393750 0.368750
96 12 0.578125 0.621875 0.393750 0.368750
97 12 0.578125 0.621875 0.393750 0.368750
98 12 0.578125 0.621875 0.393750 0.368750
99 12 0.578125 0.621875 0.393750 0.368750
100 12 0.578125 0.621875 0.393750 0.368750
101 12 0.578125 0.621875 0.393750 0.368750
102 12 0.578125 0.621875 0.393750 0.368750
103 12 0.578125 0.621875 0.393750 0.368750
104 12 0.578125 0.621875 0.393750 0.368750
105 12 0.578125 0.621875 0.393750 0.368750
106 12 0.578125 0.621875 0.393750 0.368750
107 12 0.578125 0.621875 0.393750 0.368750
108 12 0.578125 0.621875 0.393750 0.368750
109 12 0.578125 0.621875 0.393750 0.368750
110 12 0.578125 0.621875 0.393750 0.368750
111 12 0.578125 0.621875 0.393750 0.368750
112 12 0.578125 0.621875 0.393750 0.368750
113 12 0.578125 0.621875 0.393750 0.368750
114 12 0.578125 0.621875 0.393750 0.368750
115 12 0.578125 0.621875 0.393750 0.368750
116 12 0.578125 0.621875 0.393750 0.368750
117 12 0.578125 0.621875 0.393750 0.368750
118 12 0.578125 0.621875 0.393750 0.368750
119 12 0.578125 0.621875 0.393750 0.368750
120 12 0.578125 0.621875 0.393750 0.368750
121 12 0.578125 0.621875 0.393750 0.368750
122 12 0.578125 0.621875 0.393750 0.368750
123 12 0.578125 0.621875 0.393750 0.368750
124 12 0.578125 0.621875 0.393750 0.368750
125 12 0.578125 0.621875 0.393750 0.368750
126 12 0.578125 0.621875 0.393750 0.368750
127 12 0.578125 0.621875 0.393750 0.368750
128 12 0.578125 0.621875 0.393750 0.368750
129 12 0.578125 0.621875 0.393750 0.368750
130 12 0.578125 0.621875 0.393750 0.368750
131 12 0.578125 0.621875 0.393750 0.368750
132 12 0.578125 0.621875 0.393750 0.368750
133 12 0.578125 0.621875 0.393750 0.368750
134 12 0.578125 0.621875 0.393750 0.368750
135 12 0.578125 0.621875 0.393750 0.368750
136 12 0.578125 0.621875 0.393750 0.368750
137 12 0.578125 0.621875 0.393750 0.368750
138 12 0.578125 0.621875 0.393750 0.368750
139 12 0.578125 0.621875 0.393750 0.368750
140 12 0.578125 0.621875 0.393750 0.368750
141 12 0.578125 0.621875 0.393750 0.368750
142 12 0.578125 0.621875 0.393750 0.368750
143 12 0.578125 0.621875 0.393750 0.368750
144 12 0.578125 0.621875 0.393750 0.368750
145 12 0.578125 0.621875 0.393750 0.368750
146 12 0.578125 0.621875 0.393750 0.368750
147 12 0.578125 0.621875 0.393750 0.368750
148 12 0.578125 0.621875 0.393750 0.368750
149 12 0.578125 0.621875 0.393750 0.368750
150 12 0.578125 0.621875 0.393750 0.368750
151 12 0.578125 0.621875 0.393750 0.368750
152 12 0.578125 0.621875 0.393750 0.368750
153 12 0.578125 0.621875 0.393750 0.368750
154 12 0.578125 0.621875 0.393750 0.368750
155 12 0.578125 0.621875 0.393750 0.368750
156 12 0.578125 0.621875 0.393750 0.368750
157 12 0.578125 0.621875 0.393750 0.368750
158 12 0.578125 0.621875 0.393750 0.368750
159 12 0.578125 0.621875 0.393750 0.368750
160 12 0.578125 0.621875 0.393750 0.368750
161 12 0.578125 0.621875 0.393750 0.368750
162 12 0.578125 0.621875 0.393750 0.368750
163 12 0.578125 0.621875 0.393750 0.368750
164 12 0.578125 0.621875 0.393750 0.368750
165 12 0.578125 0.621875 0.393750 0.368750
166 12 0.578125 0.621875 0.393750 0.368750
167 12 0.578125 0.621875 0.393750 0.368750
168 12 0.578125 0.621875 0.393750 0.368750
169 12 0.578125 0.621875 0.393750 0.368750
170 12 0.578125 0.621875 0.393750 0.368750
171 12 0.578125 0.621875 0.393750 0.368750
172 12 0.578125 0.621875 0.393750 0.368750
173 12 0.578125 0.621875 0.393750 0.368750
174 12 0.578125 0.621875 0.393750 0.368750
175 12 0.578125 0.621875 0.393750 0.368750
176 12 0.578125 0.621875 0.393750 0.368750
177 12 0.578125 0.621875 0.393750 0.368750
178 12 0.578125 0.621875 0.393750 0.368750
179 12 0.578125 0.621875 0.393750 0.368750
180 12 0.578125 0.621875 0.393750 0.368750
181 12 0.578125 0.621875 0.393750 0.368750
182 12 0.578125 0.621875 0.393750 0.368750
183 12 0.578125 0.621875 0.393750 0.368750
184 12 0.578125 0.621875 0.393750 0.368750
185 12 0.578125 0.621875 0.393750 0.368750
186 12 0.578125 0.621875 0.393750 0.368750
187 12 0.578125 0.621875 0.393750 0.368750
188 12 0.578125 0.621875 0.393750 0.368750
189 12 0.578125 0.621875 0.393750 0.368750
190 12 0.578125 0.621875 0.393750 0.368750
191 12 0.578125 0.621875 0.393750 0.368750
192 12 0.578125 0.621875 0.393750 0.368750
193 12 0.578125 0.621875 0.393750 0.368750
194 12 0.578125 0.621875 0.393750 0.368750
195 12 0.578125 0.621875 0.393750 0.368750
196 12 0.578125 0.621875 0.393750 0.368750
197 12 0.578125 0.621875 0.393750 0.368750
198 12 0.578125 0.621875 0.393750 0.368750
199 12 0.578125 0.621875 0.393750 0.368750
200 12 0.578125 0.621875 0.393750 0.368750
201 12 0.578125 0.621875 0.393750 0.368750
202 12 0.578125 0.621875 0.393750 0.368750
203 12 0.578125 0.621875 0.393750 0.368750
204 12 0.578125 0.621875 0.393750 0.368750
205 12 0.578125 0.621875 0.393750 0.368750
206 12 0.578125 0.621875 0.393750 0.368750
207 12 0.578125 0.621875 0.393750 0.368750
208 12 0.578125 0.621875 0.393750 0.368750
209 12 0.578125 0.621875 0.393750 0.368750
210 12 0.578125 0.621875 0.393750 0.368750
211 12 0.578125 0.621875 0.393750 0.368750
212 12 0.578125 0.621875 0.393750 0.368750
213 12 0.578125 0.621875 0.393750 0.368750
214 12 0.578125 0.621875 0.393750 0.368750
215 12 0.578125 0.621875 0.393750 0.368750
216 12 0.578125 0.621875 0.393750 0.368750
217 12 0.578125 0.621875 0.393750 0.368750
218 12 0.578125 0.621875 0.393750 0.368750
219 12 0.578125 0.621875 0.393750 0.368750
220 12 0.578125 0.621875 0.393750 0.368750
221 12 0.578125 0.621875 0.393750 0.368750
222 12 0.578125 0.621875 0.393750 0.368750
223 12 0.578125 0.621875 0.393750 0.368750
224 12 0.578125 0.621875 0.393750 0.368750
225 12 0.578125 0.621875 0.393750 0.368750
226 12 0.578125 0.621875 0.393750 0.368750
227 12 0.578125 0.621875 0.393750 0.368750
228 12 0.578125 0.621875 0.393750 0.368750
229 12 0.578125 0.621875 0.393750 0.368750
230 12 0.578125 0.621875 0.393750 0.368750
231 12 0.578125 0.621875 0.393750 0.368750
232 12 0.578125 0.621875 0.393750 0.368750
233 12 0.578125 0.621875 0.393750 0.368750
234 12 0.578125 0.621875 0.393750 0.368750
235 12 0.578125 0.621875 0.393750 0.368750
236 12 0.578125 0.621875 0.393750 0.368750
237 12 0.578125 0.621875 0.393750 0.368750
238 12 0.578125 0.621875 0.393750 0.368750
239 12 0.578125 0.621875 0.393750 0.368750
240 12 0.578125 0.621875 0.393750 0.368750
241 12 0.578125 0.621875 0.393750 0.368750
242 12 0.578125 0.621875 0.393750 0.368750
243 12 0.578125 0.621875 0.393750 0.368750
244 12 0.578125 0.621875 0.393750 0.368750
245 12 0.578125 0.621875 0.393750 0.368750
246 12 0.578125 0.621875 0.393750 0.368750
247 12 0.578125 0.621875 0.393750 0.368750
248 12 0.578125 0.621875 0.393750 0.368750
249 12 0.578125 0.621875 0.393750 0.368750
250 12 0.578125 0.621875 0.393750 0.368750
251 12 0.578125 0.621875 0.393750 0.368750
252 12 0.578125 0.621875 0.393750 0.368750
253 12 0.578125 0.621875 0.393750 0.368750
254 12 0.578125 0.621875 0.393750 0.368750
255 12 0.578125 0.621875 0.393750 0.368750
256 12 0.578125 0.621875 0.393750 0.368750
257 12 0.578125 0.621875 0.393750 0.368750
258 12 0.578125 0.621875 0.393750 0.368750
259 12 0.578125 0.621875 0.393750 0.368750
260 12 0.578125 0.621875 0.393750 0.368750
261 12 0.578125 0.621875 0.393750 0.368750
262 12 0.578125 0.621875 0.393750 0.368750
263 12 0.578125 0.621875 0.393750 0.368750
264 12 0.578125 0.621875 0.393750 0.368750
265 12 0.578125 0.621875 0.393750 0.368750
266 12 0.578125 0.621875 0.393750 0.368750
267 12 0.578125 0.621875 0.393750 0.368750
268 12 0.578125 0.621875 0.393750 0.368750
269 12 0.578125 0.621875 0.393750 0.368750
270 12 0.578125 0.621875 0.393750 0.368750
271 12 0.578125 0.621875 0.393750 0.368750
272 12 0.578125 0.621875 0.393750 0.368750
273 12 0.578125 0.621875 0.393750 0.368750
274 12 0.578125 0.621875 0.393750 0.368750
275 12 0.578125 0.621875 0.393750 0.368750
276 12 0.578125 0.621875 0.393750 0.368750
277 12 0.578125 0.621875 0.393750 0.368750
278 12 0.578125 0.621875 0.393750 0.368750
279 12 0.578125 0.621875 0.393750 0.368750
280 12 0.578125 0.621875 0.393750 0.368750
281 12 0.578125 0.621875 0.393750 0.368750
282 12 0.578125 0.621875 0.393750 0.368750
283 12 0.578125 0.621875 0.393750 0.368750
284 12 0.578125 0.621875 0.393750 0.368750
285 12 0.578125 0.621875 0.393750 0.368750
286 12 0.578125 0.621875 0.393750 0.368750
287 12 0.578125 0.621875 0.393750 0.368750
288 12 0.578125 0.621875 0.393750 0.368750
289 12 0.578125 0.621875 0.393750 0.368750
290 12 0.578125 0.621875 0.393750 0.368750
291 12 0.578125 0.621875 0.393750 0.368750
292 12 0.578125 0.621875 0.393750 0.368750
293 12 0.578125 0.621875 0.393750 0.368750
294 12 0.578125 0.621875 0.393750 0.368750
295 12 0.578125 0.621875 0.393750 0.368750
296 12 0.578125 0.621875 0.393750 0.368750
297 12 0.578125 0.621875 0.393750 0.368750
298 12 0.578125 0.621875 0.393750 0.368750
299 12 0.578125 0.621875 0.393750 0.368750
300 12 0.578125 0.621875 0.393750 0.368750
301 12 0.578125 0.621875 0.393750 0.368750
302 12 0.578125 0.621875 0.393750 0.368750
303 12 0.578125 0.621875 0.393750 0.368750
304 12 0.578125 0.621875 0.393750 0.368750
305 12 0.578125 0.621875 0.393750 0.368750
306 12 0.578125 0.621875 0.393750 0.368750
307 12 0.578125 0.621875 0.393750 0.368750
308 12 0.578125 0.621875 0.393750 0.368750
309 12 0.578125 0.621875 0.393750 0.368750
310 12 0.578125 0.621875 0.393750 0.368750
311 12 0.578125 0.621875 0.393750 0.368750
312 12 0.578125 0.621875 0.393750 0.368750
313 12 0.578125 0.621875 0.393750 0.368750
314 12 0.578125 0.621875 0.393750 0.368750
315 12 0.578125 0.621875 0.393750 0.368750
316 12 0.578125 0.621875 0.393750 0.368750
317 12 0.578125 0.621875 0.393750 0.368750
318 12 0.578125 0.621875 0.393750 0.368750
319 12 0.578125 0.621875 0.393750 0.368750
320 12 0.578125 0.621875 0.393750 0.368750
321 12 0.578125 0.621875 0.393750 0.368750
322 12 0.578125 0.621875 0.393750 0.368750
323 12 0.578125 0.621875 0.393750 0.368750
324 12 0.578125 0.621875 0.393750 0.368750
325 12 0.578125 0.621875 0.393750 0.368750
326 12 0.578125 0.621875 0.393750 0.368750
327 12 0.578125 0.621875 0.393750 0.368750
328 12 0.578125 0.621875 0.393750 0.368750
329 12 0.578125 0.621875 0.393750 0.368750
330 12 0.578125 0.621875 0.393750 0.368750
331 12 0.578125 0.621875 0.393750 0.368750
332 12 0.578125 0.621875 0.393750 0.368750
333 12 0.578125 0.621875 0.393750 0.368750
334 12 0.578125 0.621875 0.393750 0.368750
335 12 0.578125 0.621875 0.393750 0.368750
336 12 0.578125 0.621875 0.393750 0.368750
337 12 0.578125 0.621875 0.393750 0.368750
338 12 0.578125 0.621875 0.393750 0.368750
339 12 0.578125 0.621875 0.393750 0.368750
340 12 0.578125 0.621875 0.393750 0.368750
341 12 0.578125 0.621875 0.393750 0.368750
342 12 0.578125 0.621875 0.393750 0.368750
343 12 0.578125 0.621875 0.393750 0.368750
344 12 0.578125 0.621875 0.393750 0.368750
345 12 0.578125 0.621875 0.393750 0.368750
346 12 0.578125 0.621875 0.393750 0.368750
347 12 0.578125 0.621875 0.393750 0.368750
348 12 0.578125 0.621875 0.393750 0.368750
349 12 0.578125 0.621875 0.393750 0.368750
350 12 0.578125 0.621875 0.393750 0.368750
351 12 0.578125 0.621875 0.393750 0.368750
352 12 0.578125 0.621875 0.393750 0.368750
353 12 0.578125 0.621875 0.393750 0.368750
354 12 0.578125 0.621875 0.393750 0.368750
355 12 0.578125 0.621875 0.393750 0.368750
356 12 0.578125 0.621875 0.393750 0.368750
357 12 0.578125 0.621875 0.393750 0.368750
358 12 0.578125 0.621875 0.393750 0.368750
359 12 0.578125 0.621875 0.393750 0.368750
360 12 0.578125 0.621875 0.393750 0.368750
361 12 0.578125 0.621875 0.393750 0.368750
362 12 0.578125 0.621875 0.393750 0.368750
363 12 0.578125 0.621875 0.393750 0.368750
364 12 0.578125 0.621875 0.393750 0.368750
365 12 0.578125 0.621875 0.393750 0.368750
366 12 0.578125 0.621875 0.393750 0.368750
367 12 0.578125 0.621875 0.393750 0.368750
368 12 0.578125 0.621875 0.393750 0.368750
369 12 0.578125 0.621875 0.393750 0.368750
370 12 0.578125 0.621875 0.393750 0.368750
371 12 0.578125 0.621875 0.393750 0.368750
372 12 0.578125 0.621875 0.393750 0.368750
373 12 0.578125 0.621875 0.393750 0.368750
374 12 0.578125 0.621875 0.393750 0.368750
375 12 0.578125 0.621875 0.393750 0.368750
376 12 0.578125 0.621875 0.393750 0.368750
377 12 0.578125 0.621875 0.393750 0.368750
378 12 0.578125 0.621875 0.393750 0.368750
379 12 0.578125 0.621875 0.393750 0.368750
380 12 0.578125 0.621875 0.393750 0.368750
381 12 0.578125 0.621875 0.393750 0.368750
382 12 0.578125 0.621875 0.393750 0.368750
383 12 0.578125 0.621875 0.393750 0.368750
384 12 0.578125 0.621875 0.393750 0.368750
385 12 0.578125 0.621875 0.393750 0.368750
386 12 0.578125 0.621875 0.393750 0.368750
387 12 0.578125 0.621875 0.393750 0.368750
388 12 0.578125 0.621875 0.393750 0.368750
389 12 0.578125 0.621875 0.393750 0.368750
390 12 0.578125 0.621875 0.393750 0.368750
391 12 0.578125 0.621875 0.393750 0.368750
392 12 0.578125 0.621875 0.393750 0.368750
393 12 0.578125 0.621875 0.393750 0.368750
394 12 0.578125 0.621875 0.393750 0.368750
395 12 0.578125 0.621875 0.393750 0.368750
396 12 0.578125 0.621875 0.393750 0.368750
397 12 0.578125 0.621875 0.393750 0.368750
398 12 0.578125 0.621875 0.393750 0.368750
399 12 0.578125 0.621875 0.393750 0.368750
400 12 0.578125 0.621875 0.393750 0.368750
401 12 0.578125 0.621875 0.393750 0.368750
402 12 0.578125 0.621875 0.393750 0.368750
403 12 0.578125 0.621875 0.393750 0.368750
404 12 0.578125 0.621875 0.393750 0.368750
405 12 0.578125 0.621875 0.393750 0.368750
