1 14 0.706250 0.789062 0.487500 0.421875
2 14 0.687500 0.753906 0.487500 0.421875
3 14 0.668750 0.718750 0.487500 0.421875
4 14 0.650000 0.683594 0.487500 0.421875
5 14 0.631250 0.648438 0.487500 0.421875
6 14 0.604688 0.603125 0.487500 0.421875
7 14 0.578125 0.557813 0.487500 0.421875
8 14 0.551562 0.512500 0.487500 0.421875
9 14 0.525000 0.467187 0.487500 0.421875
10 14 0.525000 0.467187 0.487500 0.421875
11 14 0.525000 0.467187 0.487500 0.421875
12 14 0.525000 0.467187 0.487500 0.421875
13 14 0.525000 0.467187 0.487500 0.421875
14 14 0.525000 0.467187 0.487500 0.421875
15 11 0.534375 0.471875 0.500000 0.543750
16 11 0.548750 0.522500 0.500000 0.543750
17 11 0.563125 0.573125 0.500000 0.543750
18 11 0.577500 0.623750 0.500000 0.543750
19 11 0.591875 0.674375 0.500000 0.543750
20 11 0.606250 0.725000 0.500000 0.543750
21 11 0.618125 0.725000 0.500000 0.543750
22 11 0.630000 0.725000 0.500000 0.543750
23 11 0.641875 0.725000 0.500000 0.543750
24 11 0.653750 0.725000 0.500000 0.543750
25 11 0.665625 0.725000 0.500000 0.543750
26 11 0.665625 0.725000 0.500000 0.543750
31 14 0.753125 0.785937 0.487500 0.421875
32 14 0.734375 0.759062 0.487500 0.421875
33 14 0.715625 0.732187 0.487500 0.421875
34 14 0.696875 0.705313 0.487500 0.421875
35 14 0.678125 0.678438 0.487500 0.421875
36 14 0.659375 0.651563 0.487500 0.421875
37 14 0.657500 0.630312 0.487500 0.421875
38 14 0.655625 0.609062 0.487500 0.421875
39 14 0.653750 0.587812 0.487500 0.421875
40 14 0.651875 0.566562 0.487500 0.421875
41 14 0.650000 0.545312 0.487500 0.421875
42 14 0.639062 0.476562 0.487500 0.421875
43 14 0.628125 0.407813 0.487500 0.421875
44 14 0.628125 0.407813 0.487500 0.421875
45 14 0.628125 0.407813 0.487500 0.421875
46 14 0.628125 0.407813 0.487500 0.421875
47 11 0.618750 0.421875 0.500000 0.543750
48 11 0.644375 0.469375 0.500000 0.543750
49 11 0.670000 0.516875 0.500000 0.543750
50 11 0.695625 0.564375 0.500000 0.543750
51 11 0.721250 0.611875 0.500000 0.543750
52 11 0.746875 0.659375 0.500000 0.543750
53 11 0.746875 0.681250 0.500000 0.543750
54 11 0.746875 0.703125 0.500000 0.543750
55 11 0.746875 0.725000 0.500000 0.543750
56 11 0.746875 0.725000 0.500000 0.543750
57 11 0.746875 0.725000 0.500000 0.543750
58 11 0.746875 0.725000 0.500000 0.543750
59 11 0.746875 0.725000 0.500000 0.543750
60 14 0.753125 0.785937 0.487500 0.421875
61 14 0.740104 0.767708 0.487500 0.421875
62 14 0.727083 0.749479 0.487500 0.421875
63 14 0.714063 0.731250 0.487500 0.421875
64 14 0.701042 0.713021 0.487500 0.421875
65 14 0.688021 0.694792 0.487500 0.421875
66 14 0.675000 0.676562 0.487500 0.421875
67 14 0.654375 0.640312 0.487500 0.421875
68 14 0.633750 0.604062 0.487500 0.421875
69 14 0.613125 0.567813 0.487500 0.421875
70 14 0.592500 0.531563 0.487500 0.421875
71 14 0.571875 0.495312 0.487500 0.421875
72 14 0.562500 0.468750 0.487500 0.421875
73 14 0.553125 0.442188 0.487500 0.421875
74 14 0.543750 0.415625 0.487500 0.421875
75 14 0.534375 0.389062 0.487500 0.421875
76 14 0.534375 0.389062 0.487500 0.421875
77 14 0.534375 0.389062 0.487500 0.421875
78 14 0.534375 0.389062 0.487500 0.421875
79 11 0.531250 0.393750 0.500000 0.543750
80 11 0.554687 0.457031 0.500000 0.543750
81 11 0.578125 0.520312 0.500000 0.543750
82 11 0.601562 0.583594 0.500000 0.543750
83 11 0.625000 0.646875 0.500000 0.543750
84 11 0.625000 0.646875 0.500000 0.543750
85 11 0.625000 0.646875 0.500000 0.543750
86 11 0.625000 0.646875 0.500000 0.543750
87 11 0.625000 0.646875 0.500000 0.543750
88 11 0.625000 0.646875 0.500000 0.543750
89 11 0.625000 0.646875 0.500000 0.543750
90 11 0.625000 0.646875 0.500000 0.543750
91 11 0.625000 0.646875 0.500000 0.543750
92 11 0.625000 0.646875 0.500000 0.543750
93 14 0.650000 0.745313 0.487500 0.421875
94 14 0.646429 0.714509 0.487500 0.421875
95 14 0.642857 0.683705 0.487500 0.421875
96 14 0.639286 0.652902 0.487500 0.421875
97 14 0.635714 0.622098 0.487500 0.421875
98 14 0.632143 0.591295 0.487500 0.421875
99 14 0.628571 0.560491 0.487500 0.421875
100 14 0.625000 0.529687 0.487500 0.421875
101 14 0.621875 0.507188 0.487500 0.421875
102 14 0.618750 0.484687 0.487500 0.421875
103 14 0.615625 0.462187 0.487500 0.421875
104 14 0.612500 0.439688 0.487500 0.421875
105 14 0.609375 0.417187 0.487500 0.421875
106 14 0.609375 0.417187 0.487500 0.421875
107 14 0.609375 0.417187 0.487500 0.421875
108 14 0.609375 0.417187 0.487500 0.421875
109 14 0.609375 0.417187 0.487500 0.421875
110 11 0.621875 0.506250 0.500000 0.543750
111 11 0.641875 0.541250 0.500000 0.543750
112 11 0.661875 0.576250 0.500000 0.543750
113 11 0.681875 0.611250 0.500000 0.543750
114 11 0.701875 0.646250 0.500000 0.543750
115 11 0.721875 0.681250 0.500000 0.543750
116 11 0.723750 0.690000 0.500000 0.543750
117 11 0.725625 0.698750 0.500000 0.543750
118 11 0.727500 0.707500 0.500000 0.543750
119 11 0.729375 0.716250 0.500000 0.543750
120 11 0.731250 0.725000 0.500000 0.543750
121 11 0.731250 0.725000 0.500000 0.543750
122 11 0.731250 0.725000 0.500000 0.543750
123 11 0.731250 0.725000 0.500000 0.543750
124 14 0.753125 0.785937 0.487500 0.421875
125 14 0.721250 0.761563 0.487500 0.421875
126 14 0.689375 0.737187 0.487500 0.421875
127 14 0.657500 0.712813 0.487500 0.421875
128 14 0.625625 0.688438 0.487500 0.421875
129 14 0.593750 0.664063 0.487500 0.421875
130 14 0.571875 0.634375 0.487500 0.421875
131 14 0.550000 0.604688 0.487500 0.421875
132 14 0.528125 0.575000 0.487500 0.421875
133 14 0.506250 0.545312 0.487500 0.421875
134 14 0.498958 0.529687 0.487500 0.421875
135 14 0.491667 0.514062 0.487500 0.421875
136 14 0.484375 0.498437 0.487500 0.421875
137 14 0.477083 0.482812 0.487500 0.421875
138 14 0.469792 0.467187 0.487500 0.421875
139 14 0.462500 0.451562 0.487500 0.421875
140 14 0.466667 0.482812 0.487500 0.421875
141 14 0.470833 0.514062 0.487500 0.421875
142 14 0.475000 0.545312 0.487500 0.421875
143 11 0.500000 0.575000 0.500000 0.543750
144 11 0.536458 0.625000 0.500000 0.543750
145 11 0.572917 0.675000 0.500000 0.543750
146 11 0.609375 0.725000 0.500000 0.543750
147 11 0.609375 0.725000 0.500000 0.543750
148 11 0.609375 0.725000 0.500000 0.543750
149 11 0.609375 0.725000 0.500000 0.543750
150 11 0.609375 0.725000 0.500000 0.543750
151 11 0.609375 0.725000 0.500000 0.543750
152 11 0.609375 0.725000 0.500000 0.543750
153 11 0.609375 0.725000 0.500000 0.543750
154 14 0.634375 0.785937 0.487500 0.421875
155 14 0.637500 0.768527 0.487500 0.421875
156 14 0.640625 0.751116 0.487500 0.421875
157 14 0.643750 0.733705 0.487500 0.421875
158 14 0.646875 0.716295 0.487500 0.421875
159 14 0.650000 0.698884 0.487500 0.421875
160 14 0.653125 0.681473 0.487500 0.421875
161 14 0.656250 0.664062 0.487500 0.421875
162 14 0.654167 0.650521 0.487500 0.421875
163 14 0.652083 0.636979 0.487500 0.421875
164 14 0.650000 0.623437 0.487500 0.421875
165 14 0.640625 0.575521 0.487500 0.421875
166 14 0.631250 0.527604 0.487500 0.421875
167 14 0.621875 0.479687 0.487500 0.421875
168 14 0.618750 0.457812 0.487500 0.421875
169 14 0.615625 0.435937 0.487500 0.421875
170 14 0.612500 0.414062 0.487500 0.421875
171 14 0.612500 0.414062 0.487500 0.421875
172 14 0.612500 0.414062 0.487500 0.421875
173 14 0.612500 0.414062 0.487500 0.421875
174 11 0.628125 0.465625 0.500000 0.543750
175 11 0.644375 0.507500 0.500000 0.543750
176 11 0.660625 0.549375 0.500000 0.543750
177 11 0.676875 0.591250 0.500000 0.543750
178 11 0.693125 0.633125 0.500000 0.543750
179 11 0.709375 0.675000 0.500000 0.543750
180 11 0.721875 0.691667 0.500000 0.543750
181 11 0.734375 0.708333 0.500000 0.543750
182 11 0.746875 0.725000 0.500000 0.543750
183 11 0.746875 0.725000 0.500000 0.543750
184 11 0.746875 0.725000 0.500000 0.543750
185 11 0.746875 0.725000 0.500000 0.543750
186 14 0.753125 0.785937 0.487500 0.421875
187 14 0.740313 0.776875 0.487500 0.421875
188 14 0.727500 0.767813 0.487500 0.421875
189 14 0.714688 0.758750 0.487500 0.421875
190 14 0.701875 0.749687 0.487500 0.421875
191 14 0.689063 0.740625 0.487500 0.421875
192 14 0.676250 0.731562 0.487500 0.421875
193 14 0.663438 0.722500 0.487500 0.421875
194 14 0.650625 0.713437 0.487500 0.421875
195 14 0.637813 0.704375 0.487500 0.421875
196 14 0.625000 0.695312 0.487500 0.421875
197 14 0.603125 0.679687 0.487500 0.421875
198 14 0.581250 0.664062 0.487500 0.421875
199 14 0.559375 0.648437 0.487500 0.421875
200 14 0.537500 0.632812 0.487500 0.421875
201 14 0.521875 0.602344 0.487500 0.421875
202 14 0.506250 0.571875 0.487500 0.421875
203 14 0.490625 0.541406 0.487500 0.421875
204 14 0.475000 0.510938 0.487500 0.421875
205 14 0.475000 0.510938 0.487500 0.421875
206 14 0.475000 0.510938 0.487500 0.421875
207 14 0.475000 0.510938 0.487500 0.421875
208 14 0.475000 0.510938 0.487500 0.421875
209 11 0.496875 0.575000 0.500000 0.543750
210 11 0.522656 0.612500 0.500000 0.543750
211 11 0.548438 0.650000 0.500000 0.543750
212 11 0.574219 0.687500 0.500000 0.543750
213 11 0.600000 0.725000 0.500000 0.543750
214 11 0.625625 0.725000 0.500000 0.543750
215 11 0.651250 0.725000 0.500000 0.543750
216 11 0.676875 0.725000 0.500000 0.543750
217 11 0.702500 0.725000 0.500000 0.543750
218 11 0.728125 0.725000 0.500000 0.543750
219 11 0.728125 0.725000 0.500000 0.543750
220 11 0.728125 0.725000 0.500000 0.543750
221 11 0.728125 0.725000 0.500000 0.543750
222 11 0.728125 0.725000 0.500000 0.543750
223 11 0.728125 0.725000 0.500000 0.543750
224 14 0.709375 0.785937 0.487500 0.421875
225 14 0.701250 0.762813 0.487500 0.421875
226 14 0.693125 0.739688 0.487500 0.421875
227 14 0.685000 0.716562 0.487500 0.421875
228 14 0.676875 0.693438 0.487500 0.421875
229 14 0.668750 0.670312 0.487500 0.421875
230 14 0.669531 0.620313 0.487500 0.421875
231 14 0.670312 0.570312 0.487500 0.421875
232 14 0.671094 0.520312 0.487500 0.421875
233 14 0.671875 0.470313 0.487500 0.421875
234 14 0.668750 0.457031 0.487500 0.421875
235 14 0.665625 0.443750 0.487500 0.421875
236 14 0.662500 0.430469 0.487500 0.421875
237 14 0.659375 0.417187 0.487500 0.421875
238 14 0.659375 0.417187 0.487500 0.421875
239 11 0.684375 0.418750 0.500000 0.543750
240 11 0.697656 0.478125 0.500000 0.543750
241 11 0.710938 0.537500 0.500000 0.543750
242 11 0.724219 0.596875 0.500000 0.543750
243 11 0.737500 0.656250 0.500000 0.543750
244 11 0.742188 0.690625 0.500000 0.543750
245 11 0.746875 0.725000 0.500000 0.543750
246 11 0.746875 0.725000 0.500000 0.543750
247 11 0.746875 0.725000 0.500000 0.543750
248 11 0.746875 0.725000 0.500000 0.543750
249 11 0.746875 0.725000 0.500000 0.543750
250 14 0.753125 0.785937 0.487500 0.421875
251 14 0.741016 0.777734 0.487500 0.421875
252 14 0.728906 0.769531 0.487500 0.421875
253 14 0.716797 0.761328 0.487500 0.421875
254 14 0.704688 0.753125 0.487500 0.421875
255 14 0.692578 0.744922 0.487500 0.421875
256 14 0.680469 0.736719 0.487500 0.421875
257 14 0.668359 0.728516 0.487500 0.421875
258 14 0.656250 0.720313 0.487500 0.421875
259 14 0.643750 0.693229 0.487500 0.421875
260 14 0.631250 0.666146 0.487500 0.421875
261 14 0.618750 0.639062 0.487500 0.421875
262 14 0.594792 0.593229 0.487500 0.421875
263 14 0.570833 0.547396 0.487500 0.421875
264 14 0.546875 0.501563 0.487500 0.421875
265 14 0.546875 0.501563 0.487500 0.421875
266 14 0.546875 0.501563 0.487500 0.421875
267 14 0.546875 0.501563 0.487500 0.421875
268 14 0.546875 0.501563 0.487500 0.421875
269 14 0.546875 0.501563 0.487500 0.421875
270 11 0.562500 0.525000 0.500000 0.543750
271 11 0.595313 0.575000 0.500000 0.543750
272 11 0.628125 0.625000 0.500000 0.543750
273 11 0.660937 0.675000 0.500000 0.543750
274 11 0.693750 0.725000 0.500000 0.543750
275 11 0.693750 0.725000 0.500000 0.543750
276 11 0.693750 0.725000 0.500000 0.543750
277 11 0.693750 0.725000 0.500000 0.543750
278 11 0.693750 0.725000 0.500000 0.543750
279 11 0.693750 0.725000 0.500000 0.543750
280 11 0.693750 0.725000 0.500000 0.543750
281 14 0.753125 0.785937 0.487500 0.421875
282 14 0.738125 0.774062 0.487500 0.421875
283 14 0.723125 0.762188 0.487500 0.421875
284 14 0.708125 0.750313 0.487500 0.421875
285 14 0.693125 0.738437 0.487500 0.421875
286 14 0.678125 0.726562 0.487500 0.421875
287 14 0.663125 0.714688 0.487500 0.421875
288 14 0.648125 0.702812 0.487500 0.421875
289 14 0.633125 0.690937 0.487500 0.421875
290 14 0.618125 0.679063 0.487500 0.421875
291 14 0.603125 0.667188 0.487500 0.421875
292 14 0.590625 0.640625 0.487500 0.421875
293 14 0.578125 0.614062 0.487500 0.421875
294 14 0.565625 0.587500 0.487500 0.421875
295 14 0.553125 0.560937 0.487500 0.421875
296 14 0.542188 0.525000 0.487500 0.421875
297 14 0.531250 0.489063 0.487500 0.421875
298 14 0.520312 0.453125 0.487500 0.421875
299 14 0.509375 0.417187 0.487500 0.421875
300 14 0.507500 0.400938 0.487500 0.421875
301 14 0.505625 0.384688 0.487500 0.421875
302 14 0.503750 0.368437 0.487500 0.421875
303 14 0.501875 0.352187 0.487500 0.421875
304 14 0.500000 0.335938 0.487500 0.421875
305 14 0.500000 0.335938 0.487500 0.421875
306 11 0.471875 0.431250 0.500000 0.543750
307 11 0.500625 0.473125 0.500000 0.543750
308 11 0.529375 0.515000 0.500000 0.543750
309 11 0.558125 0.556875 0.500000 0.543750
310 11 0.586875 0.598750 0.500000 0.543750
311 11 0.615625 0.640625 0.500000 0.543750
312 11 0.659375 0.668750 0.500000 0.543750
313 11 0.703125 0.696875 0.500000 0.543750
314 11 0.746875 0.725000 0.500000 0.543750
315 11 0.746875 0.725000 0.500000 0.543750
316 11 0.746875 0.725000 0.500000 0.543750
317 11 0.746875 0.725000 0.500000 0.543750
318 14 0.753125 0.785937 0.487500 0.421875
319 14 0.751042 0.772743 0.487500 0.421875
320 14 0.748958 0.759549 0.487500 0.421875
321 14 0.746875 0.746354 0.487500 0.421875
322 14 0.744792 0.733160 0.487500 0.421875
323 14 0.742708 0.719965 0.487500 0.421875
324 14 0.740625 0.706771 0.487500 0.421875
325 14 0.738542 0.693576 0.487500 0.421875
326 14 0.736458 0.680382 0.487500 0.421875
327 14 0.734375 0.667188 0.487500 0.421875
328 14 0.732812 0.632813 0.487500 0.421875
329 14 0.731250 0.598438 0.487500 0.421875
330 14 0.729688 0.564063 0.487500 0.421875
331 14 0.728125 0.529687 0.487500 0.421875
332 14 0.718750 0.472396 0.487500 0.421875
333 14 0.709375 0.415104 0.487500 0.421875
334 14 0.700000 0.357812 0.487500 0.421875
335 14 0.700000 0.357812 0.487500 0.421875
336 14 0.700000 0.357812 0.487500 0.421875
337 14 0.700000 0.357812 0.487500 0.421875
338 14 0.700000 0.357812 0.487500 0.421875
339 11 0.690625 0.337500 0.500000 0.543750
340 11 0.704688 0.388281 0.500000 0.543750
341 11 0.718750 0.439063 0.500000 0.543750
342 11 0.732812 0.489844 0.500000 0.543750
343 11 0.746875 0.540625 0.500000 0.543750
344 11 0.746875 0.602083 0.500000 0.543750
345 11 0.746875 0.663542 0.500000 0.543750
346 11 0.746875 0.725000 0.500000 0.543750
347 11 0.746875 0.725000 0.500000 0.543750
348 11 0.746875 0.725000 0.500000 0.543750
349 11 0.746875 0.725000 0.500000 0.543750
350 11 0.746875 0.725000 0.500000 0.543750
351 11 0.746875 0.725000 0.500000 0.543750
352 14 0.753125 0.785937 0.487500 0.421875
353 14 0.745089 0.769420 0.487500 0.421875
354 14 0.737054 0.752902 0.487500 0.421875
355 14 0.729018 0.736384 0.487500 0.421875
356 14 0.720982 0.719866 0.487500 0.421875
357 14 0.712946 0.703348 0.487500 0.421875
358 14 0.704911 0.686830 0.487500 0.421875
359 14 0.696875 0.670312 0.487500 0.421875
360 14 0.675000 0.634375 0.487500 0.421875
361 14 0.653125 0.598437 0.487500 0.421875
362 14 0.631250 0.562500 0.487500 0.421875
363 14 0.609375 0.526562 0.487500 0.421875
364 14 0.595313 0.503906 0.487500 0.421875
365 14 0.581250 0.481250 0.487500 0.421875
366 14 0.567187 0.458594 0.487500 0.421875
367 14 0.553125 0.435937 0.487500 0.421875
368 14 0.553125 0.435937 0.487500 0.421875
369 14 0.553125 0.435937 0.487500 0.421875
370 14 0.553125 0.435937 0.487500 0.421875
371 11 0.556250 0.428125 0.500000 0.543750
372 11 0.575000 0.483594 0.500000 0.543750
373 11 0.593750 0.539062 0.500000 0.543750
374 11 0.612500 0.594531 0.500000 0.543750
375 11 0.631250 0.650000 0.500000 0.543750
376 11 0.648958 0.675000 0.500000 0.543750
377 11 0.666667 0.700000 0.500000 0.543750
378 11 0.684375 0.725000 0.500000 0.543750
379 11 0.684375 0.725000 0.500000 0.543750
380 11 0.684375 0.725000 0.500000 0.543750
381 11 0.684375 0.725000 0.500000 0.543750
382 11 0.684375 0.725000 0.500000 0.543750
383 14 0.753125 0.785937 0.487500 0.421875
384 14 0.753125 0.785937 0.487500 0.421875
385 14 0.753125 0.785937 0.487500 0.421875
386 14 0.753125 0.785937 0.487500 0.421875
387 14 0.753125 0.785937 0.487500 0.421875
388 14 0.753125 0.785937 0.487500 0.421875
389 14 0.753125 0.785937 0.487500 0.421875
394 14 0.753125 0.785937 0.487500 0.421875
395 14 0.717969 0.781250 0.487500 0.421875
396 14 0.682813 0.776563 0.487500 0.421875
397 14 0.647656 0.771875 0.487500 0.421875
398 14 0.612500 0.767188 0.487500 0.421875
399 14 0.605208 0.742188 0.487500 0.421875
400 14 0.597917 0.717187 0.487500 0.421875
401 14 0.590625 0.692187 0.487500 0.421875
402 14 0.580469 0.675781 0.487500 0.421875
403 14 0.570312 0.659375 0.487500 0.421875
404 14 0.560156 0.642969 0.487500 0.421875
405 14 0.550000 0.626562 0.487500 0.421875
