1 5 0.612500 0.631250 0.443750 0.450000
2 5 0.612500 0.631250 0.443750 0.450000
3 5 0.612500 0.631250 0.443750 0.450000
4 5 0.612500 0.631250 0.443750 0.450000
5 5 0.612500 0.631250 0.443750 0.450000
6 5 0.612500 0.631250 0.443750 0.450000
7 5 0.612500 0.631250 0.443750 0.450000
8 5 0.612500 0.631250 0.443750 0.450000
9 5 0.612500 0.631250 0.443750 0.450000
10 5 0.612500 0.631250 0.443750 0.450000
11 5 0.612500 0.631250 0.443750 0.450000
12 5 0.612500 0.631250 0.443750 0.450000
13 14 0.609375 0.610938 0.412500 0.440625
14 14 0.613802 0.611198 0.412500 0.440625
15 14 0.618229 0.611458 0.412500 0.440625
16 14 0.622656 0.611719 0.412500 0.440625
17 14 0.627083 0.611979 0.412500 0.440625
18 14 0.631510 0.612240 0.412500 0.440625
19 14 0.635938 0.612500 0.412500 0.440625
20 14 0.640365 0.612760 0.412500 0.440625
21 14 0.644792 0.613021 0.412500 0.440625
22 14 0.649219 0.613281 0.412500 0.440625
23 14 0.653646 0.613542 0.412500 0.440625
24 14 0.658073 0.613802 0.412500 0.440625
25 14 0.662500 0.614062 0.412500 0.440625
26 14 0.666927 0.614323 0.412500 0.440625
27 14 0.671354 0.614583 0.412500 0.440625
28 14 0.675781 0.614844 0.412500 0.440625
29 14 0.680208 0.615104 0.412500 0.440625
30 14 0.684635 0.615365 0.412500 0.440625
31 14 0.689063 0.615625 0.412500 0.440625
32 14 0.693490 0.615885 0.412500 0.440625
33 14 0.697917 0.616146 0.412500 0.440625
34 14 0.702344 0.616406 0.412500 0.440625
35 14 0.706771 0.616667 0.412500 0.440625
36 14 0.711198 0.616927 0.412500 0.440625
37 14 0.715625 0.617188 0.412500 0.440625
38 14 0.715625 0.617188 0.412500 0.440625
39 14 0.715625 0.617188 0.412500 0.440625
40 14 0.715625 0.617188 0.412500 0.440625
41 14 0.715625 0.617188 0.412500 0.440625
42 14 0.715625 0.617188 0.412500 0.440625
43 14 0.715625 0.617188 0.412500 0.440625
44 14 0.715625 0.617188 0.412500 0.440625
45 14 0.715625 0.617188 0.412500 0.440625
46 14 0.715625 0.617188 0.412500 0.440625
47 14 0.715625 0.617188 0.412500 0.440625
48 5 0.643750 0.606250 0.443750 0.450000
49 5 0.643750 0.606250 0.443750 0.450000
50 5 0.643750 0.606250 0.443750 0.450000
51 5 0.643750 0.606250 0.443750 0.450000
52 5 0.643750 0.606250 0.443750 0.450000
53 5 0.643750 0.606250 0.443750 0.450000
54 5 0.643750 0.606250 0.443750 0.450000
55 5 0.643750 0.606250 0.443750 0.450000
56 5 0.643750 0.606250 0.443750 0.450000
57 5 0.643750 0.606250 0.443750 0.450000
58 5 0.643750 0.606250 0.443750 0.450000
59 5 0.643750 0.606250 0.443750 0.450000
60 5 0.643750 0.606250 0.443750 0.450000
61 5 0.643750 0.606250 0.443750 0.450000
62 5 0.643750 0.606250 0.443750 0.450000
63 5 0.643750 0.606250 0.443750 0.450000
64 5 0.643750 0.606250 0.443750 0.450000
65 5 0.643750 0.606250 0.443750 0.450000
66 5 0.643750 0.606250 0.443750 0.450000
67 5 0.643750 0.606250 0.443750 0.450000
68 5 0.643750 0.606250 0.443750 0.450000
69 5 0.643750 0.606250 0.443750 0.450000
70 5 0.643750 0.606250 0.443750 0.450000
71 14 0.640625 0.632812 0.412500 0.440625
72 14 0.646250 0.630313 0.412500 0.440625
73 14 0.651875 0.627812 0.412500 0.440625
74 14 0.657500 0.625313 0.412500 0.440625
75 14 0.663125 0.622812 0.412500 0.440625
76 14 0.668750 0.620313 0.412500 0.440625
77 14 0.674375 0.617812 0.412500 0.440625
78 14 0.680000 0.615313 0.412500 0.440625
79 14 0.685625 0.612812 0.412500 0.440625
80 14 0.691250 0.610313 0.412500 0.440625
81 14 0.696875 0.607812 0.412500 0.440625
82 14 0.702500 0.605313 0.412500 0.440625
83 14 0.708125 0.602812 0.412500 0.440625
84 14 0.713750 0.600313 0.412500 0.440625
85 14 0.719375 0.597812 0.412500 0.440625
86 14 0.725000 0.595313 0.412500 0.440625
87 14 0.725000 0.595313 0.412500 0.440625
88 14 0.725000 0.595313 0.412500 0.440625
89 14 0.725000 0.595313 0.412500 0.440625
90 14 0.725000 0.595313 0.412500 0.440625
91 14 0.725000 0.595313 0.412500 0.440625
92 14 0.725000 0.595313 0.412500 0.440625
93 14 0.725000 0.595313 0.412500 0.440625
94 14 0.725000 0.595313 0.412500 0.440625
95 14 0.725000 0.595313 0.412500 0.440625
96 14 0.725000 0.595313 0.412500 0.440625
97 14 0.725000 0.595313 0.412500 0.440625
98 14 0.725000 0.595313 0.412500 0.440625
99 14 0.725000 0.595313 0.412500 0.440625
100 14 0.725000 0.595313 0.412500 0.440625
101 14 0.725000 0.595313 0.412500 0.440625
102 5 0.775000 0.640625 0.443750 0.450000
103 5 0.769643 0.659375 0.443750 0.450000
104 5 0.764286 0.678125 0.443750 0.450000
105 5 0.758929 0.696875 0.443750 0.450000
106 5 0.753571 0.715625 0.443750 0.450000
107 5 0.748214 0.734375 0.443750 0.450000
108 5 0.742857 0.753125 0.443750 0.450000
109 5 0.737500 0.771875 0.443750 0.450000
110 5 0.737500 0.771875 0.443750 0.450000
111 5 0.737500 0.771875 0.443750 0.450000
112 5 0.737500 0.771875 0.443750 0.450000
113 5 0.737500 0.771875 0.443750 0.450000
114 5 0.737500 0.771875 0.443750 0.450000
115 5 0.737500 0.771875 0.443750 0.450000
116 5 0.737500 0.771875 0.443750 0.450000
117 5 0.737500 0.771875 0.443750 0.450000
118 5 0.737500 0.771875 0.443750 0.450000
119 5 0.737500 0.771875 0.443750 0.450000
120 5 0.737500 0.771875 0.443750 0.450000
121 5 0.737500 0.771875 0.443750 0.450000
122 5 0.737500 0.771875 0.443750 0.450000
123 5 0.737500 0.771875 0.443750 0.450000
124 5 0.737500 0.771875 0.443750 0.450000
125 5 0.737500 0.771875 0.443750 0.450000
126 5 0.737500 0.771875 0.443750 0.450000
127 5 0.737500 0.771875 0.443750 0.450000
128 5 0.737500 0.771875 0.443750 0.450000
129 5 0.737500 0.771875 0.443750 0.450000
130 5 0.737500 0.771875 0.443750 0.450000
131 14 0.740625 0.776563 0.412500 0.440625
132 14 0.740625 0.774908 0.412500 0.440625
133 14 0.740625 0.773254 0.412500 0.440625
134 14 0.740625 0.771599 0.412500 0.440625
135 14 0.740625 0.769945 0.412500 0.440625
136 14 0.740625 0.768290 0.412500 0.440625
137 14 0.740625 0.766636 0.412500 0.440625
138 14 0.740625 0.764982 0.412500 0.440625
139 14 0.740625 0.763327 0.412500 0.440625
140 14 0.740625 0.761673 0.412500 0.440625
141 14 0.740625 0.760018 0.412500 0.440625
142 14 0.740625 0.758364 0.412500 0.440625
143 14 0.740625 0.756710 0.412500 0.440625
144 14 0.740625 0.755055 0.412500 0.440625
145 14 0.740625 0.753401 0.412500 0.440625
146 14 0.740625 0.751746 0.412500 0.440625
147 14 0.740625 0.750092 0.412500 0.440625
148 14 0.740625 0.748438 0.412500 0.440625
149 14 0.740625 0.746783 0.412500 0.440625
150 14 0.740625 0.745129 0.412500 0.440625
151 14 0.740625 0.743474 0.412500 0.440625
152 14 0.740625 0.741820 0.412500 0.440625
153 14 0.740625 0.740165 0.412500 0.440625
154 14 0.740625 0.738511 0.412500 0.440625
155 14 0.740625 0.736857 0.412500 0.440625
156 14 0.740625 0.735202 0.412500 0.440625
157 14 0.740625 0.733548 0.412500 0.440625
158 14 0.740625 0.731893 0.412500 0.440625
159 14 0.740625 0.730239 0.412500 0.440625
160 14 0.740625 0.728585 0.412500 0.440625
161 14 0.740625 0.726930 0.412500 0.440625
162 14 0.740625 0.725276 0.412500 0.440625
163 14 0.740625 0.723621 0.412500 0.440625
164 14 0.740625 0.721967 0.412500 0.440625
165 14 0.740625 0.720313 0.412500 0.440625
166 5 0.696875 0.693750 0.443750 0.450000
167 5 0.696875 0.693750 0.443750 0.450000
168 5 0.696875 0.693750 0.443750 0.450000
169 5 0.696875 0.693750 0.443750 0.450000
170 5 0.696875 0.693750 0.443750 0.450000
171 5 0.696875 0.693750 0.443750 0.450000
172 5 0.696875 0.693750 0.443750 0.450000
173 5 0.696875 0.693750 0.443750 0.450000
174 5 0.696875 0.693750 0.443750 0.450000
175 5 0.696875 0.693750 0.443750 0.450000
176 5 0.696875 0.693750 0.443750 0.450000
177 5 0.696875 0.693750 0.443750 0.450000
178 5 0.696875 0.693750 0.443750 0.450000
179 5 0.696875 0.693750 0.443750 0.450000
180 5 0.696875 0.693750 0.443750 0.450000
181 5 0.696875 0.693750 0.443750 0.450000
182 5 0.696875 0.693750 0.443750 0.450000
183 5 0.696875 0.693750 0.443750 0.450000
184 5 0.696875 0.693750 0.443750 0.450000
185 5 0.696875 0.693750 0.443750 0.450000
186 5 0.696875 0.693750 0.443750 0.450000
187 5 0.696875 0.693750 0.443750 0.450000
188 5 0.696875 0.693750 0.443750 0.450000
189 14 0.706250 0.698438 0.412500 0.440625
190 14 0.709040 0.698438 0.412500 0.440625
191 14 0.711830 0.698438 0.412500 0.440625
192 14 0.714621 0.698438 0.412500 0.440625
193 14 0.717411 0.698438 0.412500 0.440625
194 14 0.720201 0.698438 0.412500 0.440625
195 14 0.722991 0.698438 0.412500 0.440625
196 14 0.725781 0.698438 0.412500 0.440625
197 14 0.728571 0.698438 0.412500 0.440625
198 14 0.731362 0.698438 0.412500 0.440625
199 14 0.734152 0.698438 0.412500 0.440625
200 14 0.736942 0.698438 0.412500 0.440625
201 14 0.739732 0.698438 0.412500 0.440625
202 14 0.742522 0.698438 0.412500 0.440625
203 14 0.745313 0.698438 0.412500 0.440625
204 14 0.748103 0.698438 0.412500 0.440625
205 14 0.750893 0.698438 0.412500 0.440625
206 14 0.753683 0.698438 0.412500 0.440625
207 14 0.756473 0.698438 0.412500 0.440625
208 14 0.759263 0.698438 0.412500 0.440625
209 14 0.762054 0.698438 0.412500 0.440625
210 14 0.764844 0.698438 0.412500 0.440625
211 14 0.767634 0.698438 0.412500 0.440625
212 14 0.770424 0.698438 0.412500 0.440625
213 14 0.773214 0.698438 0.412500 0.440625
214 14 0.776004 0.698438 0.412500 0.440625
215 14 0.778795 0.698438 0.412500 0.440625
216 14 0.781585 0.698438 0.412500 0.440625
217 14 0.784375 0.698438 0.412500 0.440625
218 14 0.784375 0.698438 0.412500 0.440625
219 14 0.784375 0.698438 0.412500 0.440625
220 14 0.784375 0.698438 0.412500 0.440625
221 14 0.784375 0.698438 0.412500 0.440625
222 5 0.775000 0.668750 0.443750 0.450000
223 5 0.775000 0.668750 0.443750 0.450000
224 5 0.775000 0.668750 0.443750 0.450000
225 5 0.775000 0.668750 0.443750 0.450000
226 5 0.775000 0.668750 0.443750 0.450000
227 5 0.775000 0.668750 0.443750 0.450000
228 5 0.775000 0.668750 0.443750 0.450000
229 5 0.775000 0.668750 0.443750 0.450000
230 5 0.775000 0.668750 0.443750 0.450000
231 5 0.775000 0.668750 0.443750 0.450000
232 5 0.775000 0.668750 0.443750 0.450000
233 5 0.775000 0.668750 0.443750 0.450000
234 5 0.775000 0.668750 0.443750 0.450000
235 5 0.775000 0.668750 0.443750 0.450000
236 5 0.775000 0.668750 0.443750 0.450000
237 5 0.775000 0.668750 0.443750 0.450000
238 5 0.775000 0.668750 0.443750 0.450000
239 5 0.775000 0.668750 0.443750 0.450000
240 5 0.775000 0.668750 0.443750 0.450000
241 5 0.775000 0.668750 0.443750 0.450000
242 5 0.775000 0.668750 0.443750 0.450000
243 5 0.775000 0.668750 0.443750 0.450000
244 14 0.784375 0.698438 0.412500 0.440625
245 14 0.784375 0.698438 0.412500 0.440625
246 14 0.784375 0.698438 0.412500 0.440625
247 14 0.784375 0.698438 0.412500 0.440625
248 14 0.784375 0.698438 0.412500 0.440625
249 14 0.784375 0.698438 0.412500 0.440625
250 14 0.784375 0.698438 0.412500 0.440625
251 14 0.784375 0.698438 0.412500 0.440625
252 14 0.784375 0.698438 0.412500 0.440625
253 14 0.784375 0.698438 0.412500 0.440625
254 14 0.784375 0.698438 0.412500 0.440625
255 14 0.784375 0.698438 0.412500 0.440625
256 14 0.784375 0.698438 0.412500 0.440625
257 14 0.784375 0.698438 0.412500 0.440625
258 14 0.784375 0.698438 0.412500 0.440625
259 14 0.784375 0.698438 0.412500 0.440625
260 14 0.784375 0.698438 0.412500 0.440625
261 14 0.784375 0.698438 0.412500 0.440625
262 14 0.784375 0.698438 0.412500 0.440625
263 14 0.784375 0.698438 0.412500 0.440625
264 14 0.784375 0.698438 0.412500 0.440625
265 14 0.784375 0.698438 0.412500 0.440625
266 14 0.784375 0.698438 0.412500 0.440625
267 14 0.784375 0.698438 0.412500 0.440625
268 14 0.784375 0.698438 0.412500 0.440625
269 14 0.784375 0.698438 0.412500 0.440625
270 14 0.784375 0.698438 0.412500 0.440625
271 5 0.775000 0.750000 0.443750 0.450000
272 5 0.756250 0.743750 0.443750 0.450000
273 5 0.737500 0.737500 0.443750 0.450000
274 5 0.718750 0.731250 0.443750 0.450000
275 5 0.700000 0.725000 0.443750 0.450000
276 5 0.681250 0.718750 0.443750 0.450000
277 5 0.662500 0.712500 0.443750 0.450000
278 5 0.643750 0.706250 0.443750 0.450000
279 5 0.643750 0.706250 0.443750 0.450000
280 5 0.643750 0.706250 0.443750 0.450000
281 5 0.643750 0.706250 0.443750 0.450000
282 5 0.643750 0.706250 0.443750 0.450000
283 5 0.643750 0.706250 0.443750 0.450000
284 5 0.643750 0.706250 0.443750 0.450000
285 5 0.643750 0.706250 0.443750 0.450000
286 5 0.643750 0.706250 0.443750 0.450000
287 5 0.643750 0.706250 0.443750 0.450000
288 5 0.643750 0.706250 0.443750 0.450000
289 5 0.643750 0.706250 0.443750 0.450000
290 5 0.643750 0.706250 0.443750 0.450000
291 14 0.662500 0.710938 0.412500 0.440625
292 14 0.665179 0.712723 0.412500 0.440625
293 14 0.667857 0.714509 0.412500 0.440625
294 14 0.670536 0.716295 0.412500 0.440625
295 14 0.673214 0.718080 0.412500 0.440625
296 14 0.675893 0.719866 0.412500 0.440625
297 14 0.678571 0.721652 0.412500 0.440625
298 14 0.681250 0.723437 0.412500 0.440625
299 14 0.683929 0.725223 0.412500 0.440625
300 14 0.686607 0.727009 0.412500 0.440625
301 14 0.689286 0.728795 0.412500 0.440625
302 14 0.691964 0.730580 0.412500 0.440625
303 14 0.694643 0.732366 0.412500 0.440625
304 14 0.697321 0.734152 0.412500 0.440625
305 14 0.700000 0.735938 0.412500 0.440625
306 14 0.702679 0.737723 0.412500 0.440625
307 14 0.705357 0.739509 0.412500 0.440625
308 14 0.708036 0.741295 0.412500 0.440625
309 14 0.710714 0.743080 0.412500 0.440625
310 14 0.713393 0.744866 0.412500 0.440625
311 14 0.716071 0.746652 0.412500 0.440625
312 14 0.718750 0.748437 0.412500 0.440625
313 14 0.721429 0.750223 0.412500 0.440625
314 14 0.724107 0.752009 0.412500 0.440625
315 14 0.726786 0.753795 0.412500 0.440625
316 14 0.729464 0.755580 0.412500 0.440625
317 14 0.732143 0.757366 0.412500 0.440625
318 14 0.734821 0.759152 0.412500 0.440625
319 14 0.737500 0.760938 0.412500 0.440625
320 14 0.740179 0.762723 0.412500 0.440625
321 14 0.742857 0.764509 0.412500 0.440625
322 14 0.745536 0.766295 0.412500 0.440625
323 14 0.748214 0.768080 0.412500 0.440625
324 14 0.750893 0.769866 0.412500 0.440625
325 14 0.753571 0.771652 0.412500 0.440625
326 14 0.756250 0.773438 0.412500 0.440625
327 14 0.756250 0.773438 0.412500 0.440625
328 14 0.756250 0.773438 0.412500 0.440625
329 14 0.756250 0.773438 0.412500 0.440625
330 14 0.756250 0.773438 0.412500 0.440625
331 14 0.756250 0.773438 0.412500 0.440625
332 14 0.756250 0.773438 0.412500 0.440625
333 14 0.756250 0.773438 0.412500 0.440625
334 5 0.746875 0.706250 0.443750 0.450000
335 5 0.747917 0.695312 0.443750 0.450000
336 5 0.748958 0.684375 0.443750 0.450000
337 5 0.750000 0.673438 0.443750 0.450000
338 5 0.751042 0.662500 0.443750 0.450000
339 5 0.752083 0.651563 0.443750 0.450000
340 5 0.753125 0.640625 0.443750 0.450000
341 5 0.754167 0.629687 0.443750 0.450000
342 5 0.755208 0.618750 0.443750 0.450000
343 5 0.756250 0.607812 0.443750 0.450000
344 5 0.757292 0.596875 0.443750 0.450000
345 5 0.758333 0.585938 0.443750 0.450000
346 5 0.759375 0.575000 0.443750 0.450000
347 5 0.759375 0.575000 0.443750 0.450000
348 5 0.759375 0.575000 0.443750 0.450000
349 5 0.759375 0.575000 0.443750 0.450000
350 5 0.759375 0.575000 0.443750 0.450000
351 5 0.759375 0.575000 0.443750 0.450000
352 5 0.759375 0.575000 0.443750 0.450000
353 5 0.759375 0.575000 0.443750 0.450000
354 5 0.759375 0.575000 0.443750 0.450000
355 5 0.759375 0.575000 0.443750 0.450000
356 5 0.759375 0.575000 0.443750 0.450000
357 14 0.734375 0.626563 0.412500 0.440625
358 14 0.735625 0.629688 0.412500 0.440625
359 14 0.736875 0.632813 0.412500 0.440625
360 14 0.738125 0.635938 0.412500 0.440625
361 14 0.739375 0.639063 0.412500 0.440625
362 14 0.740625 0.642188 0.412500 0.440625
363 14 0.741875 0.645313 0.412500 0.440625
364 14 0.743125 0.648438 0.412500 0.440625
365 14 0.744375 0.651563 0.412500 0.440625
366 14 0.745625 0.654688 0.412500 0.440625
367 14 0.746875 0.657813 0.412500 0.440625
368 14 0.748125 0.660938 0.412500 0.440625
369 14 0.749375 0.664063 0.412500 0.440625
370 14 0.750625 0.667188 0.412500 0.440625
371 14 0.751875 0.670313 0.412500 0.440625
372 14 0.753125 0.673438 0.412500 0.440625
373 14 0.754375 0.676563 0.412500 0.440625
374 14 0.755625 0.679688 0.412500 0.440625
375 14 0.756875 0.682813 0.412500 0.440625
376 14 0.758125 0.685938 0.412500 0.440625
377 14 0.759375 0.689063 0.412500 0.440625
378 14 0.760625 0.692188 0.412500 0.440625
379 14 0.761875 0.695313 0.412500 0.440625
380 14 0.763125 0.698438 0.412500 0.440625
381 14 0.764375 0.701563 0.412500 0.440625
382 14 0.765625 0.704688 0.412500 0.440625
383 5 0.775000 0.693750 0.443750 0.450000
384 5 0.770208 0.695208 0.443750 0.450000
385 5 0.765417 0.696667 0.443750 0.450000
386 5 0.760625 0.698125 0.443750 0.450000
387 5 0.755833 0.699583 0.443750 0.450000
388 5 0.751042 0.701042 0.443750 0.450000
389 5 0.746250 0.702500 0.443750 0.450000
390 5 0.741458 0.703958 0.443750 0.450000
391 5 0.736667 0.705417 0.443750 0.450000
392 5 0.731875 0.706875 0.443750 0.450000
393 5 0.727083 0.708333 0.443750 0.450000
394 5 0.722292 0.709792 0.443750 0.450000
395 5 0.717500 0.711250 0.443750 0.450000
396 5 0.712708 0.712708 0.443750 0.450000
397 5 0.707917 0.714167 0.443750 0.450000
398 5 0.703125 0.715625 0.443750 0.450000
399 5 0.703125 0.715625 0.443750 0.450000
400 5 0.703125 0.715625 0.443750 0.450000
401 5 0.703125 0.715625 0.443750 0.450000
402 5 0.703125 0.715625 0.443750 0.450000
403 5 0.703125 0.715625 0.443750 0.450000
404 5 0.703125 0.715625 0.443750 0.450000
405 5 0.703125 0.715625 0.443750 0.450000
