1 3 0.757812 0.701562 0.353125 0.421875
2 3 0.753993 0.689410 0.353125 0.421875
3 3 0.750174 0.677257 0.353125 0.421875
4 3 0.746354 0.665104 0.353125 0.421875
5 3 0.742535 0.652951 0.353125 0.421875
6 3 0.738715 0.640799 0.353125 0.421875
7 3 0.734896 0.628646 0.353125 0.421875
8 3 0.731076 0.616493 0.353125 0.421875
9 3 0.727257 0.604340 0.353125 0.421875
10 3 0.723438 0.592187 0.353125 0.421875
11 3 0.698438 0.551562 0.353125 0.421875
12 3 0.673438 0.510937 0.353125 0.421875
13 3 0.632813 0.460938 0.353125 0.421875
14 3 0.592188 0.410938 0.353125 0.421875
15 3 0.575521 0.375521 0.353125 0.421875
16 3 0.558854 0.340104 0.353125 0.421875
17 3 0.542188 0.304688 0.353125 0.421875
18 3 0.545486 0.308333 0.353125 0.421875
19 3 0.548785 0.311979 0.353125 0.421875
20 14 0.552083 0.315625 0.353125 0.421875
21 14 0.555382 0.319271 0.353125 0.421875
22 14 0.558681 0.322917 0.353125 0.421875
23 14 0.561979 0.326562 0.353125 0.421875
24 14 0.565278 0.330208 0.353125 0.421875
25 14 0.568576 0.333854 0.353125 0.421875
26 14 0.571875 0.337500 0.353125 0.421875
27 14 0.575174 0.341146 0.353125 0.421875
28 14 0.578472 0.344792 0.353125 0.421875
29 14 0.581771 0.348438 0.353125 0.421875
30 14 0.585069 0.352083 0.353125 0.421875
31 14 0.588368 0.355729 0.353125 0.421875
32 14 0.591667 0.359375 0.353125 0.421875
33 14 0.594965 0.363021 0.353125 0.421875
34 14 0.598264 0.366667 0.353125 0.421875
35 14 0.601562 0.370312 0.353125 0.421875
36 14 0.608854 0.386458 0.353125 0.421875
37 14 0.616146 0.402604 0.353125 0.421875
38 14 0.623437 0.418750 0.353125 0.421875
39 14 0.630729 0.434896 0.353125 0.421875
40 14 0.638021 0.451042 0.353125 0.421875
41 14 0.645312 0.467187 0.353125 0.421875
42 14 0.653906 0.485938 0.353125 0.421875
43 14 0.662500 0.504687 0.353125 0.421875
44 14 0.671094 0.523438 0.353125 0.421875
45 14 0.679688 0.542188 0.353125 0.421875
46 14 0.684896 0.555729 0.353125 0.421875
47 14 0.690104 0.569271 0.353125 0.421875
48 14 0.695312 0.582812 0.353125 0.421875
49 14 0.700521 0.596354 0.353125 0.421875
50 14 0.705729 0.609896 0.353125 0.421875
51 14 0.710938 0.623437 0.353125 0.421875
52 14 0.710938 0.626250 0.353125 0.421875
53 14 0.710938 0.629062 0.353125 0.421875
54 14 0.710938 0.631875 0.353125 0.421875
55 14 0.710938 0.634687 0.353125 0.421875
56 14 0.710938 0.637500 0.353125 0.421875
57 14 0.710938 0.640312 0.353125 0.421875
58 14 0.710938 0.643125 0.353125 0.421875
59 14 0.710938 0.645938 0.353125 0.421875
60 14 0.710938 0.632009 0.353125 0.421875
61 14 0.710938 0.618080 0.353125 0.421875
62 14 0.710938 0.604152 0.353125 0.421875
63 3 0.700587 0.533344 0.353125 0.421875
64 3 0.704037 0.538375 0.353125 0.421875
65 3 0.707487 0.543406 0.353125 0.421875
66 3 0.710938 0.548438 0.353125 0.421875
67 3 0.679688 0.506250 0.353125 0.421875
68 3 0.648438 0.464062 0.353125 0.421875
69 3 0.623438 0.432812 0.353125 0.421875
70 3 0.604688 0.354687 0.353125 0.421875
71 3 0.606771 0.323437 0.353125 0.421875
72 3 0.608854 0.292187 0.353125 0.421875
73 3 0.610938 0.260937 0.353125 0.421875
74 3 0.610938 0.264807 0.353125 0.421875
75 3 0.610938 0.268676 0.353125 0.421875
76 3 0.610938 0.272545 0.353125 0.421875
77 3 0.610938 0.276414 0.353125 0.421875
78 3 0.610938 0.280283 0.353125 0.421875
79 14 0.610938 0.284152 0.353125 0.421875
80 14 0.610938 0.288021 0.353125 0.421875
81 14 0.610938 0.291890 0.353125 0.421875
82 14 0.610938 0.295759 0.353125 0.421875
83 14 0.610938 0.299628 0.353125 0.421875
84 14 0.610938 0.303497 0.353125 0.421875
85 14 0.610938 0.307366 0.353125 0.421875
86 14 0.610938 0.311235 0.353125 0.421875
87 14 0.610938 0.315104 0.353125 0.421875
88 14 0.610938 0.318973 0.353125 0.421875
89 14 0.610938 0.322842 0.353125 0.421875
90 14 0.610938 0.326711 0.353125 0.421875
91 14 0.610938 0.330580 0.353125 0.421875
92 14 0.610938 0.334449 0.353125 0.421875
93 14 0.610938 0.338318 0.353125 0.421875
94 14 0.610938 0.342187 0.353125 0.421875
95 14 0.620938 0.355312 0.353125 0.421875
96 14 0.630938 0.368437 0.353125 0.421875
97 14 0.640938 0.381563 0.353125 0.421875
98 14 0.650938 0.394688 0.353125 0.421875
99 14 0.660938 0.407813 0.353125 0.421875
100 14 0.664844 0.431250 0.353125 0.421875
101 14 0.668750 0.454688 0.353125 0.421875
102 14 0.672656 0.478125 0.353125 0.421875
103 14 0.676563 0.501563 0.353125 0.421875
104 14 0.678125 0.516667 0.353125 0.421875
105 14 0.679688 0.531771 0.353125 0.421875
106 14 0.681250 0.546875 0.353125 0.421875
107 14 0.682813 0.561979 0.353125 0.421875
108 14 0.684375 0.577083 0.353125 0.421875
109 14 0.685938 0.592187 0.353125 0.421875
110 14 0.691406 0.607031 0.353125 0.421875
111 14 0.696875 0.621875 0.353125 0.421875
112 14 0.702344 0.636719 0.353125 0.421875
113 14 0.707813 0.651563 0.353125 0.421875
114 14 0.713281 0.666406 0.353125 0.421875
115 14 0.718750 0.681250 0.353125 0.421875
116 14 0.724219 0.696094 0.353125 0.421875
117 14 0.729688 0.710938 0.353125 0.421875
118 14 0.729688 0.705134 0.353125 0.421875
119 14 0.729688 0.699330 0.353125 0.421875
120 14 0.729688 0.693527 0.353125 0.421875
121 14 0.729688 0.687723 0.353125 0.421875
122 14 0.729688 0.681920 0.353125 0.421875
123 14 0.729688 0.676116 0.353125 0.421875
124 14 0.729688 0.670312 0.353125 0.421875
125 14 0.729688 0.664509 0.353125 0.421875
126 14 0.729688 0.658705 0.353125 0.421875
127 14 0.729688 0.652902 0.353125 0.421875
128 14 0.729688 0.647098 0.353125 0.421875
129 14 0.729688 0.641295 0.353125 0.421875
130 14 0.729688 0.635491 0.353125 0.421875
131 3 0.729688 0.629687 0.353125 0.421875
132 3 0.678125 0.582812 0.353125 0.421875
133 3 0.626563 0.535937 0.353125 0.421875
134 3 0.623438 0.464062 0.353125 0.421875
135 3 0.617188 0.420312 0.353125 0.421875
136 3 0.610938 0.376563 0.353125 0.421875
137 3 0.604688 0.332813 0.353125 0.421875
138 3 0.601563 0.323437 0.353125 0.421875
139 3 0.598438 0.314063 0.353125 0.421875
140 3 0.595313 0.304688 0.353125 0.421875
141 3 0.592188 0.295312 0.353125 0.421875
142 3 0.592188 0.298545 0.353125 0.421875
143 3 0.592188 0.301778 0.353125 0.421875
144 3 0.592188 0.305011 0.353125 0.421875
145 3 0.592188 0.308244 0.353125 0.421875
146 3 0.592188 0.311476 0.353125 0.421875
147 3 0.592188 0.314709 0.353125 0.421875
148 14 0.555312 0.330848 0.353125 0.421875
149 14 0.556989 0.333494 0.353125 0.421875
150 14 0.558665 0.336140 0.353125 0.421875
151 14 0.560341 0.338787 0.353125 0.421875
152 14 0.562017 0.341433 0.353125 0.421875
153 14 0.563693 0.344079 0.353125 0.421875
154 14 0.565369 0.346725 0.353125 0.421875
155 14 0.567045 0.349371 0.353125 0.421875
156 14 0.568722 0.352017 0.353125 0.421875
157 14 0.570398 0.354663 0.353125 0.421875
158 14 0.572074 0.357309 0.353125 0.421875
159 14 0.573750 0.359955 0.353125 0.421875
160 14 0.575426 0.362601 0.353125 0.421875
161 14 0.577102 0.365248 0.353125 0.421875
162 14 0.578778 0.367894 0.353125 0.421875
163 14 0.580455 0.370540 0.353125 0.421875
164 14 0.582131 0.373186 0.353125 0.421875
165 14 0.583807 0.375832 0.353125 0.421875
166 14 0.585483 0.378478 0.353125 0.421875
167 14 0.587159 0.381124 0.353125 0.421875
168 14 0.588835 0.383770 0.353125 0.421875
169 14 0.590511 0.386416 0.353125 0.421875
170 14 0.592188 0.389062 0.353125 0.421875
171 14 0.602813 0.409687 0.353125 0.421875
172 14 0.613438 0.430312 0.353125 0.421875
173 14 0.624063 0.450937 0.353125 0.421875
174 14 0.634688 0.471562 0.353125 0.421875
175 14 0.645313 0.492187 0.353125 0.421875
176 14 0.652813 0.509062 0.353125 0.421875
177 14 0.660313 0.525937 0.353125 0.421875
178 14 0.667813 0.542813 0.353125 0.421875
179 14 0.675312 0.559688 0.353125 0.421875
180 14 0.682813 0.576562 0.353125 0.421875
181 14 0.686562 0.599688 0.353125 0.421875
182 14 0.690312 0.622812 0.353125 0.421875
183 14 0.694063 0.645938 0.353125 0.421875
184 14 0.697813 0.669063 0.353125 0.421875
185 14 0.701563 0.692187 0.353125 0.421875
186 14 0.701563 0.687723 0.353125 0.421875
187 14 0.701563 0.683259 0.353125 0.421875
188 14 0.701563 0.678795 0.353125 0.421875
189 14 0.701563 0.674330 0.353125 0.421875
190 14 0.701563 0.669866 0.353125 0.421875
191 14 0.701563 0.665402 0.353125 0.421875
192 14 0.701563 0.660937 0.353125 0.421875
193 14 0.701563 0.656473 0.353125 0.421875
194 14 0.701563 0.652009 0.353125 0.421875
195 14 0.701563 0.647545 0.353125 0.421875
196 14 0.701563 0.643080 0.353125 0.421875
197 14 0.701563 0.638616 0.353125 0.421875
198 14 0.701563 0.634152 0.353125 0.421875
199 14 0.701563 0.629687 0.353125 0.421875
200 3 0.724815 0.644584 0.353125 0.421875
201 3 0.720939 0.636893 0.353125 0.421875
202 3 0.717064 0.629202 0.353125 0.421875
203 3 0.713189 0.621511 0.353125 0.421875
204 3 0.709313 0.613820 0.353125 0.421875
205 3 0.705438 0.606129 0.353125 0.421875
206 3 0.701563 0.598437 0.353125 0.421875
207 3 0.664063 0.545312 0.353125 0.421875
208 3 0.626563 0.492187 0.353125 0.421875
209 3 0.620313 0.435937 0.353125 0.421875
210 3 0.614063 0.379688 0.353125 0.421875
211 3 0.610938 0.346875 0.353125 0.421875
212 3 0.607813 0.314063 0.353125 0.421875
213 3 0.607381 0.317295 0.353125 0.421875
214 3 0.606950 0.320528 0.353125 0.421875
215 3 0.606519 0.323761 0.353125 0.421875
216 3 0.606088 0.326994 0.353125 0.421875
217 3 0.605657 0.330226 0.353125 0.421875
218 3 0.605226 0.333459 0.353125 0.421875
219 14 0.604795 0.336692 0.353125 0.421875
220 14 0.604364 0.339925 0.353125 0.421875
221 14 0.603933 0.343157 0.353125 0.421875
222 14 0.603502 0.346390 0.353125 0.421875
223 14 0.603071 0.349623 0.353125 0.421875
224 14 0.602640 0.352856 0.353125 0.421875
225 14 0.602209 0.356088 0.353125 0.421875
226 14 0.601778 0.359321 0.353125 0.421875
227 14 0.601347 0.362554 0.353125 0.421875
228 14 0.600916 0.365787 0.353125 0.421875
229 14 0.600485 0.369019 0.353125 0.421875
230 14 0.600054 0.372252 0.353125 0.421875
231 14 0.599623 0.375485 0.353125 0.421875
232 14 0.599192 0.378718 0.353125 0.421875
233 14 0.598761 0.381950 0.353125 0.421875
234 14 0.598330 0.385183 0.353125 0.421875
235 14 0.597899 0.388416 0.353125 0.421875
236 14 0.597468 0.391649 0.353125 0.421875
237 14 0.597037 0.394881 0.353125 0.421875
238 14 0.596606 0.398114 0.353125 0.421875
239 14 0.596175 0.401347 0.353125 0.421875
240 14 0.595744 0.404580 0.353125 0.421875
241 14 0.595313 0.407813 0.353125 0.421875
242 14 0.601042 0.425000 0.353125 0.421875
243 14 0.606771 0.442188 0.353125 0.421875
244 14 0.612500 0.459375 0.353125 0.421875
245 14 0.618229 0.476562 0.353125 0.421875
246 14 0.623958 0.493750 0.353125 0.421875
247 14 0.629688 0.510938 0.353125 0.421875
248 14 0.635938 0.527344 0.353125 0.421875
249 14 0.642188 0.543750 0.353125 0.421875
250 14 0.648438 0.560156 0.353125 0.421875
251 14 0.654687 0.576562 0.353125 0.421875
252 14 0.658705 0.589509 0.353125 0.421875
253 14 0.662723 0.602455 0.353125 0.421875
254 14 0.666741 0.615402 0.353125 0.421875
255 14 0.670759 0.628348 0.353125 0.421875
256 14 0.674777 0.641295 0.353125 0.421875
257 14 0.678795 0.654241 0.353125 0.421875
258 14 0.682813 0.667188 0.353125 0.421875
259 14 0.683239 0.662784 0.353125 0.421875
260 14 0.683665 0.658381 0.353125 0.421875
261 14 0.684091 0.653977 0.353125 0.421875
262 14 0.684517 0.649574 0.353125 0.421875
263 14 0.684943 0.645170 0.353125 0.421875
264 14 0.685369 0.640767 0.353125 0.421875
265 14 0.685795 0.636364 0.353125 0.421875
266 14 0.686222 0.631960 0.353125 0.421875
267 14 0.686648 0.627557 0.353125 0.421875
268 14 0.687074 0.623153 0.353125 0.421875
269 14 0.687500 0.618750 0.353125 0.421875
270 14 0.687926 0.614347 0.353125 0.421875
271 14 0.688352 0.609943 0.353125 0.421875
272 14 0.688778 0.605540 0.353125 0.421875
273 14 0.689205 0.601136 0.353125 0.421875
274 14 0.689631 0.596733 0.353125 0.421875
275 14 0.690057 0.592330 0.353125 0.421875
276 14 0.690483 0.587926 0.353125 0.421875
277 14 0.690909 0.583523 0.353125 0.421875
278 14 0.691335 0.579119 0.353125 0.421875
279 14 0.691761 0.574716 0.353125 0.421875
280 3 0.692188 0.570312 0.353125 0.421875
281 3 0.666146 0.544271 0.353125 0.421875
282 3 0.640104 0.518229 0.353125 0.421875
283 3 0.614063 0.492187 0.353125 0.421875
284 3 0.600000 0.451562 0.353125 0.421875
285 3 0.585938 0.410938 0.353125 0.421875
286 3 0.585938 0.332813 0.353125 0.421875
287 3 0.587074 0.337074 0.353125 0.421875
288 3 0.588210 0.341335 0.353125 0.421875
289 3 0.589347 0.345597 0.353125 0.421875
290 3 0.590483 0.349858 0.353125 0.421875
291 14 0.555192 0.347786 0.353125 0.421875
292 14 0.558471 0.352420 0.353125 0.421875
293 14 0.561750 0.357054 0.353125 0.421875
294 14 0.565029 0.361688 0.353125 0.421875
295 14 0.568309 0.366322 0.353125 0.421875
296 14 0.571588 0.370956 0.353125 0.421875
297 14 0.574867 0.375590 0.353125 0.421875
298 14 0.578146 0.380223 0.353125 0.421875
299 14 0.581425 0.384857 0.353125 0.421875
300 14 0.584704 0.389491 0.353125 0.421875
301 14 0.587983 0.394125 0.353125 0.421875
302 14 0.591263 0.398759 0.353125 0.421875
303 14 0.594542 0.403393 0.353125 0.421875
304 14 0.597821 0.408027 0.353125 0.421875
305 14 0.601100 0.412661 0.353125 0.421875
306 14 0.604379 0.417295 0.353125 0.421875
307 14 0.607658 0.421929 0.353125 0.421875
308 14 0.610938 0.426563 0.353125 0.421875
309 14 0.616406 0.453125 0.353125 0.421875
310 14 0.621875 0.479687 0.353125 0.421875
311 14 0.627344 0.506250 0.353125 0.421875
312 14 0.632813 0.532813 0.353125 0.421875
313 14 0.639063 0.550521 0.353125 0.421875
314 14 0.645312 0.568229 0.353125 0.421875
315 14 0.651563 0.585938 0.353125 0.421875
316 14 0.657813 0.603646 0.353125 0.421875
317 14 0.664062 0.621354 0.353125 0.421875
318 14 0.670312 0.639062 0.353125 0.421875
319 14 0.672813 0.639062 0.353125 0.421875
320 14 0.675312 0.639062 0.353125 0.421875
321 14 0.677813 0.639062 0.353125 0.421875
322 14 0.680312 0.639062 0.353125 0.421875
323 14 0.682813 0.639062 0.353125 0.421875
324 14 0.685312 0.639062 0.353125 0.421875
325 14 0.687813 0.639062 0.353125 0.421875
326 14 0.690312 0.639062 0.353125 0.421875
327 14 0.692813 0.639062 0.353125 0.421875
328 14 0.695312 0.639062 0.353125 0.421875
329 14 0.708259 0.638616 0.353125 0.421875
330 14 0.721205 0.638170 0.353125 0.421875
331 14 0.734152 0.637723 0.353125 0.421875
332 14 0.747098 0.637277 0.353125 0.421875
333 14 0.760045 0.636830 0.353125 0.421875
334 14 0.772991 0.636384 0.353125 0.421875
335 14 0.785938 0.635938 0.353125 0.421875
336 14 0.783333 0.628906 0.353125 0.421875
337 14 0.780729 0.621875 0.353125 0.421875
338 14 0.778125 0.614844 0.353125 0.421875
339 14 0.775521 0.607812 0.353125 0.421875
340 14 0.772917 0.600781 0.353125 0.421875
341 14 0.770313 0.593750 0.353125 0.421875
342 14 0.767708 0.586719 0.353125 0.421875
343 14 0.765104 0.579688 0.353125 0.421875
344 3 0.783545 0.584696 0.353125 0.421875
345 3 0.773926 0.573652 0.353125 0.421875
346 3 0.764307 0.562607 0.353125 0.421875
347 3 0.754688 0.551562 0.353125 0.421875
348 3 0.736719 0.490625 0.353125 0.421875
349 3 0.718750 0.429688 0.353125 0.421875
350 3 0.700781 0.368750 0.353125 0.421875
351 3 0.682813 0.307812 0.353125 0.421875
352 3 0.682813 0.311458 0.353125 0.421875
353 3 0.682813 0.315104 0.353125 0.421875
354 3 0.682813 0.318750 0.353125 0.421875
355 3 0.682813 0.322396 0.353125 0.421875
356 14 0.682813 0.326042 0.353125 0.421875
357 14 0.682813 0.329688 0.353125 0.421875
358 14 0.682813 0.333333 0.353125 0.421875
359 14 0.682813 0.336979 0.353125 0.421875
360 14 0.682813 0.340625 0.353125 0.421875
361 14 0.682813 0.344271 0.353125 0.421875
362 14 0.682813 0.347917 0.353125 0.421875
363 14 0.682813 0.351562 0.353125 0.421875
364 14 0.682813 0.355208 0.353125 0.421875
365 14 0.682813 0.358854 0.353125 0.421875
366 14 0.682813 0.362500 0.353125 0.421875
367 14 0.682813 0.366146 0.353125 0.421875
368 14 0.682813 0.369792 0.353125 0.421875
369 14 0.682813 0.373437 0.353125 0.421875
370 14 0.682813 0.377083 0.353125 0.421875
371 14 0.682813 0.380729 0.353125 0.421875
372 14 0.682813 0.384375 0.353125 0.421875
373 14 0.682813 0.388021 0.353125 0.421875
374 14 0.682813 0.391667 0.353125 0.421875
375 14 0.682813 0.395313 0.353125 0.421875
376 14 0.682813 0.423438 0.353125 0.421875
377 14 0.682813 0.451562 0.353125 0.421875
378 14 0.682813 0.479687 0.353125 0.421875
379 14 0.690312 0.491563 0.353125 0.421875
380 14 0.697812 0.503437 0.353125 0.421875
381 14 0.705313 0.515312 0.353125 0.421875
382 14 0.712812 0.527188 0.353125 0.421875
383 14 0.720313 0.539062 0.353125 0.421875
384 14 0.730938 0.559688 0.353125 0.421875
385 14 0.741563 0.580313 0.353125 0.421875
386 14 0.752188 0.600938 0.353125 0.421875
387 14 0.762813 0.621563 0.353125 0.421875
388 14 0.773438 0.642188 0.353125 0.421875
389 14 0.776082 0.648197 0.353125 0.421875
390 14 0.778726 0.654207 0.353125 0.421875
391 14 0.781370 0.660216 0.353125 0.421875
392 14 0.784014 0.666226 0.353125 0.421875
393 14 0.786659 0.672236 0.353125 0.421875
394 14 0.789303 0.678245 0.353125 0.421875
395 14 0.791947 0.684255 0.353125 0.421875
396 14 0.794591 0.690264 0.353125 0.421875
397 14 0.797236 0.696274 0.353125 0.421875
398 14 0.799880 0.702284 0.353125 0.421875
399 14 0.802524 0.708293 0.353125 0.421875
400 14 0.805168 0.714303 0.353125 0.421875
401 14 0.807813 0.720313 0.353125 0.421875
402 14 0.807813 0.720313 0.353125 0.421875
403 14 0.807813 0.720313 0.353125 0.421875
404 14 0.807813 0.720313 0.353125 0.421875
405 14 0.807813 0.720313 0.353125 0.421875
