1 14 0.565625 0.532813 0.200000 0.328125
2 14 0.543750 0.539062 0.200000 0.328125
3 14 0.521875 0.545312 0.200000 0.328125
4 10 0.500000 0.551562 0.200000 0.328125
5 10 0.475391 0.549609 0.217969 0.339844
6 10 0.450781 0.547656 0.235938 0.351563
7 10 0.426172 0.545703 0.253906 0.363281
8 10 0.401563 0.543750 0.271875 0.375000
9 10 0.425000 0.576563 0.271875 0.375000
10 10 0.448438 0.609375 0.271875 0.375000
11 10 0.475521 0.618750 0.271875 0.375000
12 10 0.502604 0.628125 0.271875 0.375000
13 10 0.529688 0.637500 0.271875 0.375000
14 10 0.528690 0.636370 0.271875 0.375000
15 10 0.527693 0.635239 0.271875 0.375000
16 14 0.526695 0.634109 0.271875 0.375000
17 14 0.525698 0.632979 0.271875 0.375000
18 14 0.524701 0.631848 0.271875 0.375000
19 14 0.523703 0.630718 0.271875 0.375000
20 14 0.522706 0.629588 0.271875 0.375000
21 14 0.521709 0.628457 0.271875 0.375000
22 14 0.520711 0.627327 0.271875 0.375000
23 14 0.519714 0.626197 0.271875 0.375000
24 14 0.518717 0.625066 0.271875 0.375000
25 14 0.517719 0.623936 0.271875 0.375000
26 14 0.516722 0.622806 0.271875 0.375000
27 14 0.515725 0.621676 0.271875 0.375000
28 14 0.514727 0.620545 0.271875 0.375000
29 14 0.513730 0.619415 0.271875 0.375000
30 14 0.512733 0.618285 0.271875 0.375000
31 14 0.511735 0.617154 0.271875 0.375000
32 14 0.510738 0.616024 0.271875 0.375000
33 14 0.509741 0.614894 0.271875 0.375000
34 14 0.508743 0.613763 0.271875 0.375000
35 14 0.507746 0.612633 0.271875 0.375000
36 14 0.506749 0.611503 0.271875 0.375000
37 10 0.505751 0.610372 0.271875 0.375000
38 10 0.504754 0.609242 0.271875 0.375000
39 10 0.503757 0.608112 0.271875 0.375000
40 10 0.502759 0.606981 0.271875 0.375000
41 10 0.501762 0.605851 0.271875 0.375000
42 10 0.500765 0.604721 0.271875 0.375000
43 10 0.499767 0.603590 0.271875 0.375000
44 10 0.498770 0.602460 0.271875 0.375000
45 10 0.497773 0.601330 0.271875 0.375000
46 10 0.496775 0.600199 0.271875 0.375000
47 10 0.495778 0.599069 0.271875 0.375000
48 10 0.494781 0.597939 0.271875 0.375000
49 10 0.493783 0.596809 0.271875 0.375000
50 10 0.492786 0.595678 0.271875 0.375000
51 10 0.491789 0.594548 0.271875 0.375000
52 10 0.490791 0.593418 0.271875 0.375000
53 10 0.489794 0.592287 0.271875 0.375000
54 10 0.488797 0.591157 0.271875 0.375000
55 10 0.487799 0.590027 0.271875 0.375000
56 10 0.486802 0.588896 0.271875 0.375000
57 10 0.485805 0.587766 0.271875 0.375000
58 10 0.484807 0.586636 0.271875 0.375000
59 10 0.483810 0.585505 0.271875 0.375000
60 10 0.482813 0.584375 0.271875 0.375000
61 10 0.459375 0.592188 0.271875 0.375000
62 10 0.435938 0.600000 0.271875 0.375000
63 10 0.454167 0.607813 0.285417 0.376042
64 10 0.472396 0.615625 0.298958 0.377083
65 10 0.490625 0.623438 0.312500 0.378125
66 10 0.493566 0.623713 0.312500 0.378125
67 10 0.496507 0.623989 0.312500 0.378125
68 10 0.499449 0.624265 0.312500 0.378125
69 10 0.502390 0.624540 0.312500 0.378125
70 10 0.505331 0.624816 0.312500 0.378125
71 10 0.508272 0.625092 0.312500 0.378125
72 14 0.511213 0.625368 0.312500 0.378125
73 14 0.514154 0.625643 0.312500 0.378125
74 14 0.517096 0.625919 0.312500 0.378125
75 14 0.520037 0.626195 0.312500 0.378125
76 14 0.522978 0.626471 0.312500 0.378125
77 14 0.525919 0.626746 0.312500 0.378125
78 14 0.528860 0.627022 0.312500 0.378125
79 14 0.531801 0.627298 0.312500 0.378125
80 14 0.534743 0.627574 0.312500 0.378125
81 14 0.537684 0.627849 0.312500 0.378125
82 14 0.540625 0.628125 0.312500 0.378125
83 14 0.543566 0.628401 0.312500 0.378125
84 14 0.546507 0.628676 0.312500 0.378125
85 14 0.549449 0.628952 0.312500 0.378125
86 14 0.552390 0.629228 0.312500 0.378125
87 14 0.555331 0.629504 0.312500 0.378125
88 14 0.558272 0.629779 0.312500 0.378125
89 14 0.561213 0.630055 0.312500 0.378125
90 14 0.564154 0.630331 0.312500 0.378125
91 14 0.567096 0.630607 0.312500 0.378125
92 14 0.570037 0.630882 0.312500 0.378125
93 14 0.572978 0.631158 0.312500 0.378125
94 10 0.575919 0.631434 0.312500 0.378125
95 10 0.578860 0.631710 0.312500 0.378125
96 10 0.581801 0.631985 0.312500 0.378125
97 10 0.584743 0.632261 0.312500 0.378125
98 10 0.587684 0.632537 0.312500 0.378125
99 10 0.590625 0.632813 0.312500 0.378125
100 10 0.586458 0.628646 0.312500 0.378125
101 10 0.582292 0.624479 0.312500 0.378125
102 10 0.578125 0.620313 0.312500 0.378125
103 10 0.573958 0.616146 0.312500 0.378125
104 10 0.569792 0.611979 0.312500 0.378125
105 10 0.565625 0.607813 0.312500 0.378125
106 10 0.561458 0.603646 0.312500 0.378125
107 10 0.557292 0.599479 0.312500 0.378125
108 10 0.553125 0.595313 0.312500 0.378125
109 10 0.548958 0.591146 0.312500 0.378125
110 10 0.544792 0.586979 0.312500 0.378125
111 10 0.540625 0.582813 0.312500 0.378125
112 10 0.536458 0.578646 0.312500 0.378125
113 10 0.532292 0.574479 0.312500 0.378125
114 10 0.528125 0.570313 0.312500 0.378125
115 10 0.523958 0.566146 0.312500 0.378125
116 10 0.519792 0.561979 0.312500 0.378125
117 10 0.515625 0.557813 0.312500 0.378125
118 10 0.517500 0.565938 0.312500 0.378125
119 10 0.519375 0.574063 0.312500 0.378125
120 10 0.521250 0.582188 0.312500 0.378125
121 10 0.523125 0.590313 0.312500 0.378125
122 10 0.525000 0.598438 0.312500 0.378125
123 10 0.526291 0.598845 0.312500 0.378125
124 10 0.527582 0.599253 0.312500 0.378125
125 10 0.528872 0.599660 0.312500 0.378125
126 10 0.530163 0.600068 0.312500 0.378125
127 10 0.531454 0.600476 0.312500 0.378125
128 10 0.532745 0.600883 0.312500 0.378125
129 10 0.534035 0.601291 0.312500 0.378125
130 14 0.535326 0.601698 0.312500 0.378125
131 14 0.536617 0.602106 0.312500 0.378125
132 14 0.537908 0.602514 0.312500 0.378125
133 14 0.539198 0.602921 0.312500 0.378125
134 14 0.540489 0.603329 0.312500 0.378125
135 14 0.541780 0.603736 0.312500 0.378125
136 14 0.543071 0.604144 0.312500 0.378125
137 14 0.544361 0.604552 0.312500 0.378125
138 14 0.545652 0.604959 0.312500 0.378125
139 14 0.546943 0.605367 0.312500 0.378125
140 14 0.548234 0.605774 0.312500 0.378125
141 14 0.549524 0.606182 0.312500 0.378125
142 14 0.550815 0.606590 0.312500 0.378125
143 14 0.552106 0.606997 0.312500 0.378125
144 14 0.553397 0.607405 0.312500 0.378125
145 14 0.554688 0.607813 0.312500 0.378125
146 14 0.555978 0.608220 0.312500 0.378125
147 14 0.557269 0.608628 0.312500 0.378125
148 14 0.558560 0.609035 0.312500 0.378125
149 14 0.559851 0.609443 0.312500 0.378125
150 14 0.561141 0.609851 0.312500 0.378125
151 14 0.562432 0.610258 0.312500 0.378125
152 14 0.563723 0.610666 0.312500 0.378125
153 14 0.565014 0.611073 0.312500 0.378125
154 14 0.566304 0.611481 0.312500 0.378125
155 14 0.567595 0.611889 0.312500 0.378125
156 14 0.568886 0.612296 0.312500 0.378125
157 14 0.570177 0.612704 0.312500 0.378125
158 14 0.571467 0.613111 0.312500 0.378125
159 14 0.572758 0.613519 0.312500 0.378125
160 14 0.574049 0.613927 0.312500 0.378125
161 14 0.575340 0.614334 0.312500 0.378125
162 14 0.576630 0.614742 0.312500 0.378125
163 14 0.577921 0.615149 0.312500 0.378125
164 10 0.579212 0.615557 0.312500 0.378125
165 10 0.580503 0.615965 0.312500 0.378125
166 10 0.581793 0.616372 0.312500 0.378125
167 10 0.583084 0.616780 0.312500 0.378125
168 10 0.584375 0.617188 0.312500 0.378125
169 10 0.581597 0.612326 0.312500 0.378125
170 10 0.578819 0.607465 0.312500 0.378125
171 10 0.576042 0.602604 0.312500 0.378125
172 10 0.573264 0.597743 0.312500 0.378125
173 10 0.570486 0.592882 0.312500 0.378125
174 10 0.567708 0.588021 0.312500 0.378125
175 10 0.564931 0.583160 0.312500 0.378125
176 10 0.562153 0.578299 0.312500 0.378125
177 10 0.559375 0.573438 0.312500 0.378125
178 10 0.551042 0.586979 0.312500 0.378125
179 10 0.542708 0.600521 0.312500 0.378125
180 10 0.534375 0.614063 0.312500 0.378125
181 10 0.536719 0.614355 0.312500 0.378125
182 10 0.539063 0.614648 0.312500 0.378125
183 10 0.541406 0.614941 0.312500 0.378125
184 10 0.543750 0.615234 0.312500 0.378125
185 10 0.546094 0.615527 0.312500 0.378125
186 10 0.548438 0.615820 0.312500 0.378125
187 10 0.550781 0.616113 0.312500 0.378125
188 10 0.553125 0.616406 0.312500 0.378125
189 10 0.555469 0.616699 0.312500 0.378125
190 14 0.557813 0.616992 0.312500 0.378125
191 14 0.560156 0.617285 0.312500 0.378125
192 14 0.562500 0.617578 0.312500 0.378125
193 14 0.564844 0.617871 0.312500 0.378125
194 14 0.567188 0.618164 0.312500 0.378125
195 14 0.569531 0.618457 0.312500 0.378125
196 14 0.571875 0.618750 0.312500 0.378125
197 14 0.574219 0.619043 0.312500 0.378125
198 14 0.576563 0.619336 0.312500 0.378125
199 14 0.578906 0.619629 0.312500 0.378125
200 14 0.581250 0.619922 0.312500 0.378125
201 14 0.583594 0.620215 0.312500 0.378125
202 14 0.585938 0.620508 0.312500 0.378125
203 14 0.588281 0.620801 0.312500 0.378125
204 14 0.590625 0.621094 0.312500 0.378125
205 14 0.592969 0.621387 0.312500 0.378125
206 14 0.595313 0.621680 0.312500 0.378125
207 14 0.597656 0.621973 0.312500 0.378125
208 14 0.600000 0.622266 0.312500 0.378125
209 14 0.602344 0.622559 0.312500 0.378125
210 14 0.604688 0.622852 0.312500 0.378125
211 14 0.607031 0.623145 0.312500 0.378125
212 14 0.609375 0.623438 0.312500 0.378125
213 14 0.610938 0.611719 0.312500 0.378125
214 14 0.612500 0.600000 0.312500 0.378125
215 14 0.614063 0.588281 0.312500 0.378125
216 10 0.615625 0.576563 0.312500 0.378125
217 10 0.618802 0.576198 0.312500 0.378125
218 10 0.621979 0.575833 0.312500 0.378125
219 10 0.625156 0.575469 0.312500 0.378125
220 10 0.628333 0.575104 0.312500 0.378125
221 10 0.631510 0.574740 0.312500 0.378125
222 10 0.634688 0.574375 0.312500 0.378125
223 10 0.637865 0.574010 0.312500 0.378125
224 10 0.641042 0.573646 0.312500 0.378125
225 10 0.644219 0.573281 0.312500 0.378125
226 10 0.647396 0.572917 0.312500 0.378125
227 10 0.650573 0.572552 0.312500 0.378125
228 10 0.653750 0.572188 0.312500 0.378125
229 10 0.656927 0.571823 0.312500 0.378125
230 10 0.660104 0.571458 0.312500 0.378125
231 10 0.663281 0.571094 0.312500 0.378125
232 10 0.648125 0.554063 0.312500 0.378125
233 10 0.632969 0.537031 0.312500 0.378125
234 10 0.617813 0.520000 0.312500 0.378125
235 10 0.602656 0.502969 0.312500 0.378125
236 10 0.587500 0.485938 0.312500 0.378125
237 10 0.559375 0.496875 0.312500 0.378125
238 10 0.531250 0.507813 0.312500 0.378125
239 10 0.514063 0.531250 0.312500 0.378125
240 10 0.496875 0.554688 0.312500 0.378125
241 10 0.501042 0.567188 0.312500 0.378125
242 10 0.505208 0.579688 0.312500 0.378125
243 10 0.509375 0.592188 0.312500 0.378125
244 10 0.514844 0.601563 0.312500 0.378125
245 10 0.520313 0.610938 0.312500 0.378125
246 10 0.525781 0.620313 0.312500 0.378125
247 10 0.531250 0.629688 0.312500 0.378125
248 10 0.533929 0.628683 0.312500 0.378125
249 10 0.536607 0.627679 0.312500 0.378125
250 10 0.539286 0.626674 0.312500 0.378125
251 10 0.541964 0.625670 0.312500 0.378125
252 14 0.544643 0.624665 0.312500 0.378125
253 14 0.547321 0.623661 0.312500 0.378125
254 14 0.550000 0.622656 0.312500 0.378125
255 14 0.552679 0.621652 0.312500 0.378125
256 14 0.555357 0.620647 0.312500 0.378125
257 14 0.558036 0.619643 0.312500 0.378125
258 14 0.560714 0.618638 0.312500 0.378125
259 14 0.563393 0.617634 0.312500 0.378125
260 14 0.566071 0.616629 0.312500 0.378125
261 14 0.568750 0.615625 0.312500 0.378125
262 14 0.571429 0.614621 0.312500 0.378125
263 14 0.574107 0.613616 0.312500 0.378125
264 14 0.576786 0.612612 0.312500 0.378125
265 14 0.579464 0.611607 0.312500 0.378125
266 14 0.582143 0.610603 0.312500 0.378125
267 14 0.584821 0.609598 0.312500 0.378125
268 14 0.587500 0.608594 0.312500 0.378125
269 14 0.590179 0.607589 0.312500 0.378125
270 14 0.592857 0.606585 0.312500 0.378125
271 14 0.595536 0.605580 0.312500 0.378125
272 14 0.598214 0.604576 0.312500 0.378125
273 14 0.600893 0.603571 0.312500 0.378125
274 14 0.603571 0.602567 0.312500 0.378125
275 14 0.606250 0.601563 0.312500 0.378125
276 14 0.615179 0.600223 0.312500 0.378125
277 14 0.624107 0.598884 0.312500 0.378125
278 14 0.633036 0.597545 0.312500 0.378125
279 14 0.641964 0.596205 0.312500 0.378125
280 14 0.650893 0.594866 0.312500 0.378125
281 14 0.659821 0.593527 0.312500 0.378125
282 10 0.668750 0.592188 0.312500 0.378125
283 10 0.668510 0.588341 0.312500 0.378125
284 10 0.668269 0.584495 0.312500 0.378125
285 10 0.668029 0.580649 0.312500 0.378125
286 10 0.667788 0.576803 0.312500 0.378125
287 10 0.667548 0.572957 0.312500 0.378125
288 10 0.667308 0.569111 0.312500 0.378125
289 10 0.667067 0.565264 0.312500 0.378125
290 10 0.666827 0.561418 0.312500 0.378125
291 10 0.666587 0.557572 0.312500 0.378125
292 10 0.666346 0.553726 0.312500 0.378125
293 10 0.666106 0.549880 0.312500 0.378125
294 10 0.665865 0.546034 0.312500 0.378125
295 10 0.665625 0.542188 0.312500 0.378125
296 10 0.636458 0.535938 0.312500 0.378125
297 10 0.607292 0.529688 0.312500 0.378125
298 10 0.578125 0.523438 0.312500 0.378125
299 10 0.563542 0.546354 0.312500 0.378125
300 10 0.548958 0.569271 0.312500 0.378125
301 10 0.534375 0.592188 0.312500 0.378125
302 10 0.547656 0.601563 0.312500 0.378125
303 10 0.560938 0.610938 0.312500 0.378125
304 10 0.574219 0.620313 0.312500 0.378125
305 10 0.587500 0.629688 0.312500 0.378125
306 10 0.589583 0.629241 0.312500 0.378125
307 10 0.591667 0.628795 0.312500 0.378125
308 10 0.593750 0.628348 0.312500 0.378125
309 10 0.595833 0.627902 0.312500 0.378125
310 10 0.597917 0.627455 0.312500 0.378125
311 10 0.600000 0.627009 0.312500 0.378125
312 10 0.602083 0.626563 0.312500 0.378125
313 10 0.604167 0.626116 0.312500 0.378125
314 10 0.606250 0.625670 0.312500 0.378125
315 14 0.608333 0.625223 0.312500 0.378125
316 14 0.610417 0.624777 0.312500 0.378125
317 14 0.612500 0.624330 0.312500 0.378125
318 14 0.614583 0.623884 0.312500 0.378125
319 14 0.616667 0.623438 0.312500 0.378125
320 14 0.618750 0.622991 0.312500 0.378125
321 14 0.620833 0.622545 0.312500 0.378125
322 14 0.622917 0.622098 0.312500 0.378125
323 14 0.625000 0.621652 0.312500 0.378125
324 14 0.627083 0.621205 0.312500 0.378125
325 14 0.629167 0.620759 0.312500 0.378125
326 14 0.631250 0.620313 0.312500 0.378125
327 14 0.638542 0.614063 0.312500 0.378125
328 14 0.645833 0.607813 0.312500 0.378125
329 14 0.653125 0.601563 0.312500 0.378125
330 14 0.660417 0.595313 0.312500 0.378125
331 14 0.667708 0.589063 0.312500 0.378125
332 14 0.675000 0.582813 0.312500 0.378125
333 14 0.679583 0.584271 0.312500 0.378125
334 14 0.684167 0.585729 0.312500 0.378125
335 14 0.688750 0.587188 0.312500 0.378125
336 14 0.693333 0.588646 0.312500 0.378125
337 14 0.697917 0.590104 0.312500 0.378125
338 14 0.702500 0.591563 0.312500 0.378125
339 14 0.707083 0.593021 0.312500 0.378125
340 14 0.711667 0.594479 0.312500 0.378125
341 14 0.716250 0.595938 0.312500 0.378125
342 14 0.720833 0.597396 0.312500 0.378125
343 14 0.725417 0.598854 0.312500 0.378125
344 14 0.730000 0.600313 0.312500 0.378125
345 14 0.734583 0.601771 0.312500 0.378125
346 14 0.739167 0.603229 0.312500 0.378125
347 10 0.743750 0.604688 0.312500 0.378125
348 10 0.741071 0.595313 0.312500 0.378125
349 10 0.738393 0.585938 0.312500 0.378125
350 10 0.735714 0.576563 0.312500 0.378125
351 10 0.733036 0.567188 0.312500 0.378125
352 10 0.730357 0.557813 0.312500 0.378125
353 10 0.727679 0.548438 0.312500 0.378125
354 10 0.725000 0.539063 0.312500 0.378125
355 10 0.705208 0.538021 0.312500 0.378125
356 10 0.685417 0.536979 0.312500 0.378125
357 10 0.665625 0.535938 0.312500 0.378125
358 10 0.612500 0.529688 0.312500 0.378125
359 10 0.559375 0.523438 0.312500 0.378125
360 10 0.564583 0.543229 0.312500 0.378125
361 10 0.569792 0.563021 0.312500 0.378125
362 10 0.575000 0.582813 0.312500 0.378125
363 10 0.583125 0.590313 0.312500 0.378125
364 10 0.591250 0.597813 0.312500 0.378125
365 10 0.599375 0.605313 0.312500 0.378125
366 10 0.607500 0.612813 0.312500 0.378125
367 10 0.615625 0.620313 0.312500 0.378125
368 10 0.618886 0.620041 0.312500 0.378125
369 10 0.622147 0.619769 0.312500 0.378125
370 10 0.625408 0.619497 0.312500 0.378125
371 10 0.628668 0.619226 0.312500 0.378125
372 10 0.631929 0.618954 0.312500 0.378125
373 14 0.635190 0.618682 0.312500 0.378125
374 14 0.638451 0.618410 0.312500 0.378125
375 14 0.641712 0.618139 0.312500 0.378125
376 14 0.644973 0.617867 0.312500 0.378125
377 14 0.648234 0.617595 0.312500 0.378125
378 14 0.651495 0.617323 0.312500 0.378125
379 14 0.654755 0.617052 0.312500 0.378125
380 14 0.658016 0.616780 0.312500 0.378125
381 14 0.661277 0.616508 0.312500 0.378125
382 14 0.664538 0.616236 0.312500 0.378125
383 14 0.667799 0.615965 0.312500 0.378125
384 14 0.671060 0.615693 0.312500 0.378125
385 14 0.674321 0.615421 0.312500 0.378125
386 14 0.677582 0.615149 0.312500 0.378125
387 14 0.680842 0.614878 0.312500 0.378125
388 14 0.684103 0.614606 0.312500 0.378125
389 14 0.687364 0.614334 0.312500 0.378125
390 14 0.690625 0.614063 0.312500 0.378125
391 14 0.690625 0.614063 0.312500 0.378125
392 14 0.690625 0.614063 0.312500 0.378125
393 14 0.690625 0.614063 0.312500 0.378125
394 14 0.690625 0.614063 0.312500 0.378125
395 14 0.690625 0.614063 0.312500 0.378125
396 14 0.690625 0.614063 0.312500 0.378125
397 14 0.690625 0.614063 0.312500 0.378125
398 14 0.690625 0.614063 0.312500 0.378125
399 14 0.690625 0.614063 0.312500 0.378125
400 14 0.690625 0.614063 0.312500 0.378125
401 14 0.690625 0.614063 0.312500 0.378125
402 14 0.690625 0.614063 0.312500 0.378125
403 14 0.690625 0.614063 0.312500 0.378125
404 14 0.690625 0.614063 0.312500 0.378125
405 14 0.690625 0.614063 0.312500 0.378125
