1 14 0.601562 0.767188 0.565625 0.465625
2 14 0.590430 0.766992 0.565625 0.465625
3 14 0.579297 0.766797 0.565625 0.465625
4 14 0.568164 0.766602 0.565625 0.465625
5 14 0.557031 0.766406 0.565625 0.465625
6 14 0.545898 0.766211 0.565625 0.465625
7 14 0.534766 0.766016 0.565625 0.465625
8 14 0.523633 0.765820 0.565625 0.465625
9 14 0.512500 0.765625 0.565625 0.465625
10 14 0.501367 0.765430 0.565625 0.465625
11 14 0.490234 0.765234 0.565625 0.465625
12 14 0.479102 0.765039 0.565625 0.465625
13 14 0.467969 0.764844 0.565625 0.465625
14 14 0.456836 0.764648 0.565625 0.465625
15 14 0.445703 0.764453 0.565625 0.465625
16 14 0.434570 0.764258 0.565625 0.465625
17 14 0.423438 0.764063 0.565625 0.465625
18 14 0.423438 0.764063 0.565625 0.465625
19 14 0.423438 0.764063 0.565625 0.465625
20 14 0.423438 0.764063 0.565625 0.465625
21 14 0.423438 0.764063 0.565625 0.465625
22 14 0.423438 0.764063 0.565625 0.465625
23 14 0.423438 0.764063 0.565625 0.465625
24 14 0.423438 0.764063 0.565625 0.465625
25 14 0.423438 0.764063 0.565625 0.465625
26 2 0.401562 0.806250 0.503125 0.387500
27 2 0.425000 0.787500 0.503125 0.387500
28 2 0.448437 0.768750 0.503125 0.387500
29 2 0.471875 0.750000 0.503125 0.387500
30 2 0.495312 0.731250 0.503125 0.387500
31 2 0.518750 0.712500 0.503125 0.387500
32 2 0.542188 0.693750 0.503125 0.387500
33 2 0.565625 0.675000 0.503125 0.387500
34 2 0.589063 0.656250 0.503125 0.387500
35 2 0.589063 0.656250 0.503125 0.387500
36 2 0.589063 0.656250 0.503125 0.387500
37 2 0.589063 0.656250 0.503125 0.387500
38 2 0.589063 0.656250 0.503125 0.387500
39 2 0.589063 0.656250 0.503125 0.387500
40 2 0.589063 0.656250 0.503125 0.387500
41 14 0.595313 0.632813 0.565625 0.465625
42 14 0.584375 0.640625 0.565625 0.465625
43 14 0.573438 0.648438 0.565625 0.465625
44 14 0.562500 0.656250 0.565625 0.465625
45 14 0.551563 0.664062 0.565625 0.465625
46 14 0.540625 0.671875 0.565625 0.465625
47 14 0.529688 0.679688 0.565625 0.465625
48 14 0.518750 0.687500 0.565625 0.465625
49 14 0.507813 0.695313 0.565625 0.465625
50 14 0.496875 0.703125 0.565625 0.465625
51 14 0.485938 0.710938 0.565625 0.465625
52 14 0.475000 0.718750 0.565625 0.465625
53 14 0.464062 0.726563 0.565625 0.465625
54 14 0.453125 0.734375 0.565625 0.465625
55 14 0.442188 0.742188 0.565625 0.465625
56 14 0.431250 0.750000 0.565625 0.465625
57 14 0.420312 0.757813 0.565625 0.465625
58 14 0.420312 0.757813 0.565625 0.465625
59 14 0.420312 0.757813 0.565625 0.465625
60 14 0.420312 0.757813 0.565625 0.465625
61 14 0.420312 0.757813 0.565625 0.465625
62 14 0.420312 0.757813 0.565625 0.465625
63 14 0.420312 0.757813 0.565625 0.465625
64 14 0.420312 0.757813 0.565625 0.465625
65 14 0.420312 0.757813 0.565625 0.465625
66 2 0.426563 0.750000 0.503125 0.387500
67 2 0.451116 0.732143 0.503125 0.387500
68 2 0.475670 0.714286 0.503125 0.387500
69 2 0.500223 0.696429 0.503125 0.387500
70 2 0.524777 0.678571 0.503125 0.387500
71 2 0.549330 0.660714 0.503125 0.387500
72 2 0.573884 0.642857 0.503125 0.387500
73 2 0.598437 0.625000 0.503125 0.387500
74 2 0.598437 0.625000 0.503125 0.387500
75 2 0.598437 0.625000 0.503125 0.387500
76 2 0.598437 0.625000 0.503125 0.387500
77 2 0.598437 0.625000 0.503125 0.387500
78 2 0.598437 0.625000 0.503125 0.387500
79 2 0.598437 0.625000 0.503125 0.387500
80 2 0.598437 0.625000 0.503125 0.387500
81 14 0.557813 0.651563 0.565625 0.465625
82 14 0.551265 0.655432 0.565625 0.465625
83 14 0.544717 0.659301 0.565625 0.465625
84 14 0.538170 0.663170 0.565625 0.465625
85 14 0.531622 0.667039 0.565625 0.465625
86 14 0.525074 0.670908 0.565625 0.465625
87 14 0.518527 0.674777 0.565625 0.465625
88 14 0.511979 0.678646 0.565625 0.465625
89 14 0.505432 0.682515 0.565625 0.465625
90 14 0.498884 0.686384 0.565625 0.465625
91 14 0.492336 0.690253 0.565625 0.465625
92 14 0.485789 0.694122 0.565625 0.465625
93 14 0.479241 0.697991 0.565625 0.465625
94 14 0.472693 0.701860 0.565625 0.465625
95 14 0.466146 0.705729 0.565625 0.465625
96 14 0.459598 0.709598 0.565625 0.465625
97 14 0.453051 0.713467 0.565625 0.465625
98 14 0.446503 0.717336 0.565625 0.465625
99 14 0.439955 0.721205 0.565625 0.465625
100 14 0.433408 0.725074 0.565625 0.465625
101 14 0.426860 0.728943 0.565625 0.465625
102 14 0.420312 0.732813 0.565625 0.465625
103 14 0.420312 0.732813 0.565625 0.465625
104 14 0.420312 0.732813 0.565625 0.465625
105 14 0.420312 0.732813 0.565625 0.465625
106 2 0.485938 0.714063 0.503125 0.421875
107 2 0.497266 0.703125 0.503125 0.421875
108 2 0.508594 0.692188 0.503125 0.421875
109 2 0.519922 0.681250 0.503125 0.421875
110 2 0.531250 0.670313 0.503125 0.421875
111 2 0.542578 0.659375 0.503125 0.421875
112 2 0.553906 0.648438 0.503125 0.421875
113 2 0.565234 0.637500 0.503125 0.421875
114 2 0.576563 0.626563 0.503125 0.421875
115 2 0.576563 0.626563 0.503125 0.421875
116 2 0.576563 0.626563 0.503125 0.421875
117 2 0.576563 0.626563 0.503125 0.421875
118 2 0.576563 0.626563 0.503125 0.421875
119 2 0.576563 0.626563 0.503125 0.421875
120 14 0.617188 0.620313 0.565625 0.465625
121 14 0.607465 0.625521 0.565625 0.465625
122 14 0.597743 0.630729 0.565625 0.465625
123 14 0.588021 0.635938 0.565625 0.465625
124 14 0.578299 0.641146 0.565625 0.465625
125 14 0.568576 0.646354 0.565625 0.465625
126 14 0.558854 0.651563 0.565625 0.465625
127 14 0.549132 0.656771 0.565625 0.465625
128 14 0.539410 0.661979 0.565625 0.465625
129 14 0.529687 0.667188 0.565625 0.465625
130 14 0.519965 0.672396 0.565625 0.465625
131 14 0.510243 0.677604 0.565625 0.465625
132 14 0.500521 0.682813 0.565625 0.465625
133 14 0.490799 0.688021 0.565625 0.465625
134 14 0.481076 0.693229 0.565625 0.465625
135 14 0.471354 0.698438 0.565625 0.465625
136 14 0.461632 0.703646 0.565625 0.465625
137 14 0.451910 0.708854 0.565625 0.465625
138 14 0.442188 0.714063 0.565625 0.465625
139 14 0.442188 0.714063 0.565625 0.465625
140 14 0.442188 0.714063 0.565625 0.465625
141 14 0.442188 0.714063 0.565625 0.465625
142 14 0.442188 0.714063 0.565625 0.465625
143 14 0.442188 0.714063 0.565625 0.465625
144 14 0.442188 0.714063 0.565625 0.465625
145 14 0.442188 0.714063 0.565625 0.465625
146 14 0.442188 0.714063 0.565625 0.465625
147 14 0.442188 0.714063 0.565625 0.465625
148 2 0.489063 0.720313 0.503125 0.421875
149 2 0.511632 0.706424 0.503125 0.421875
150 2 0.534201 0.692535 0.503125 0.421875
151 2 0.556771 0.678646 0.503125 0.421875
152 2 0.579340 0.664757 0.503125 0.421875
153 2 0.601910 0.650868 0.503125 0.421875
154 2 0.624479 0.636979 0.503125 0.421875
155 2 0.647049 0.623090 0.503125 0.421875
156 2 0.669618 0.609201 0.503125 0.421875
157 2 0.692188 0.595313 0.503125 0.421875
158 2 0.692188 0.595313 0.503125 0.421875
159 2 0.692188 0.595313 0.503125 0.421875
160 2 0.692188 0.595313 0.503125 0.421875
161 2 0.692188 0.595313 0.503125 0.421875
162 2 0.692188 0.595313 0.503125 0.421875
163 2 0.692188 0.595313 0.503125 0.421875
164 2 0.692188 0.595313 0.503125 0.421875
165 14 0.682813 0.567187 0.565625 0.465625
166 14 0.675347 0.573785 0.565625 0.465625
167 14 0.667882 0.580382 0.565625 0.465625
168 14 0.660417 0.586979 0.565625 0.465625
169 14 0.652951 0.593576 0.565625 0.465625
170 14 0.645486 0.600174 0.565625 0.465625
171 14 0.638021 0.606771 0.565625 0.465625
172 14 0.630556 0.613368 0.565625 0.465625
173 14 0.623090 0.619965 0.565625 0.465625
174 14 0.615625 0.626563 0.565625 0.465625
175 14 0.608160 0.633160 0.565625 0.465625
176 14 0.600694 0.639757 0.565625 0.465625
177 14 0.593229 0.646354 0.565625 0.465625
178 14 0.585764 0.652951 0.565625 0.465625
179 14 0.578299 0.659549 0.565625 0.465625
180 14 0.570833 0.666146 0.565625 0.465625
181 14 0.563368 0.672743 0.565625 0.465625
182 14 0.555903 0.679340 0.565625 0.465625
183 14 0.548438 0.685937 0.565625 0.465625
184 14 0.548438 0.685937 0.565625 0.465625
185 2 0.545313 0.692187 0.503125 0.421875
186 2 0.560243 0.678993 0.503125 0.421875
187 2 0.575174 0.665799 0.503125 0.421875
188 2 0.590104 0.652604 0.503125 0.421875
189 2 0.605035 0.639410 0.503125 0.421875
190 2 0.619965 0.626215 0.503125 0.421875
191 2 0.634896 0.613021 0.503125 0.421875
192 2 0.649826 0.599826 0.503125 0.421875
193 2 0.664757 0.586632 0.503125 0.421875
194 2 0.679688 0.573437 0.503125 0.421875
195 2 0.679688 0.573437 0.503125 0.421875
196 2 0.679688 0.573437 0.503125 0.421875
197 2 0.679688 0.573437 0.503125 0.421875
198 2 0.679688 0.573437 0.503125 0.421875
199 14 0.701562 0.679688 0.565625 0.465625
200 14 0.693229 0.683203 0.565625 0.465625
201 14 0.684896 0.686719 0.565625 0.465625
202 14 0.676562 0.690234 0.565625 0.465625
203 14 0.668229 0.693750 0.565625 0.465625
204 14 0.659896 0.697266 0.565625 0.465625
205 14 0.651563 0.700781 0.565625 0.465625
206 14 0.643229 0.704297 0.565625 0.465625
207 14 0.634896 0.707812 0.565625 0.465625
208 14 0.626563 0.711328 0.565625 0.465625
209 14 0.618229 0.714844 0.565625 0.465625
210 14 0.609896 0.718359 0.565625 0.465625
211 14 0.601562 0.721875 0.565625 0.465625
212 14 0.593229 0.725391 0.565625 0.465625
213 14 0.584896 0.728906 0.565625 0.465625
214 14 0.576562 0.732422 0.565625 0.465625
215 14 0.568229 0.735938 0.565625 0.465625
216 14 0.559896 0.739453 0.565625 0.465625
217 14 0.551562 0.742969 0.565625 0.465625
218 14 0.543229 0.746484 0.565625 0.465625
219 14 0.534896 0.750000 0.565625 0.465625
220 14 0.526563 0.753516 0.565625 0.465625
221 14 0.518229 0.757031 0.565625 0.465625
222 14 0.509896 0.760547 0.565625 0.465625
223 14 0.501563 0.764063 0.565625 0.465625
224 14 0.501563 0.764063 0.565625 0.465625
225 14 0.501563 0.764063 0.565625 0.465625
226 2 0.476563 0.785937 0.503125 0.421875
227 2 0.496875 0.776250 0.503125 0.421875
228 2 0.517188 0.766563 0.503125 0.421875
229 2 0.537500 0.756875 0.503125 0.421875
230 2 0.557813 0.747188 0.503125 0.421875
231 2 0.578125 0.737500 0.503125 0.421875
232 2 0.598438 0.727812 0.503125 0.421875
233 2 0.618750 0.718125 0.503125 0.421875
234 2 0.639063 0.708438 0.503125 0.421875
235 2 0.659375 0.698750 0.503125 0.421875
236 2 0.679688 0.689063 0.503125 0.421875
237 2 0.679688 0.689063 0.503125 0.421875
238 2 0.679688 0.689063 0.503125 0.421875
239 2 0.679688 0.689063 0.503125 0.421875
240 2 0.679688 0.689063 0.503125 0.421875
241 14 0.632812 0.664062 0.565625 0.465625
242 14 0.627902 0.667783 0.565625 0.465625
243 14 0.622991 0.671503 0.565625 0.465625
244 14 0.618080 0.675223 0.565625 0.465625
245 14 0.613170 0.678943 0.565625 0.465625
246 14 0.608259 0.682664 0.565625 0.465625
247 14 0.603348 0.686384 0.565625 0.465625
248 14 0.598437 0.690104 0.565625 0.465625
249 14 0.593527 0.693824 0.565625 0.465625
250 14 0.588616 0.697545 0.565625 0.465625
251 14 0.583705 0.701265 0.565625 0.465625
252 14 0.578795 0.704985 0.565625 0.465625
253 14 0.573884 0.708705 0.565625 0.465625
254 14 0.568973 0.712426 0.565625 0.465625
255 14 0.564063 0.716146 0.565625 0.465625
256 14 0.559152 0.719866 0.565625 0.465625
257 14 0.554241 0.723586 0.565625 0.465625
258 14 0.549330 0.727307 0.565625 0.465625
259 14 0.544420 0.731027 0.565625 0.465625
260 14 0.539509 0.734747 0.565625 0.465625
261 14 0.534598 0.738467 0.565625 0.465625
262 14 0.529687 0.742188 0.565625 0.465625
263 14 0.529687 0.742188 0.565625 0.465625
264 14 0.529687 0.742188 0.565625 0.465625
265 14 0.529687 0.742188 0.565625 0.465625
266 14 0.529687 0.742188 0.565625 0.465625
267 14 0.529687 0.742188 0.565625 0.465625
268 14 0.529687 0.742188 0.565625 0.465625
269 14 0.529687 0.742188 0.565625 0.465625
270 14 0.529687 0.742188 0.565625 0.465625
271 2 0.542188 0.785937 0.503125 0.421875
272 2 0.553267 0.772869 0.503125 0.421875
273 2 0.564347 0.759801 0.503125 0.421875
274 2 0.575426 0.746733 0.503125 0.421875
275 2 0.586506 0.733665 0.503125 0.421875
276 2 0.597585 0.720597 0.503125 0.421875
277 2 0.608665 0.707528 0.503125 0.421875
278 2 0.619744 0.694460 0.503125 0.421875
279 2 0.630824 0.681392 0.503125 0.421875
280 2 0.641903 0.668324 0.503125 0.421875
281 2 0.652983 0.655256 0.503125 0.421875
282 2 0.664063 0.642188 0.503125 0.421875
283 2 0.664063 0.642188 0.503125 0.421875
284 2 0.664063 0.642188 0.503125 0.421875
285 2 0.664063 0.642188 0.503125 0.421875
286 2 0.664063 0.642188 0.503125 0.421875
287 2 0.664063 0.642188 0.503125 0.421875
288 2 0.664063 0.642188 0.503125 0.421875
289 14 0.607812 0.695312 0.565625 0.465625
290 14 0.607812 0.695312 0.565625 0.465625
291 14 0.607812 0.695312 0.565625 0.465625
292 14 0.607812 0.695312 0.565625 0.465625
293 14 0.607812 0.695312 0.565625 0.465625
294 14 0.607812 0.695312 0.565625 0.465625
295 14 0.607812 0.695312 0.565625 0.465625
296 14 0.607812 0.695312 0.565625 0.465625
297 14 0.607812 0.695312 0.565625 0.465625
298 14 0.607812 0.695312 0.565625 0.465625
299 14 0.607812 0.695312 0.565625 0.465625
300 14 0.607812 0.695312 0.565625 0.465625
301 14 0.607812 0.695312 0.565625 0.465625
302 14 0.607812 0.695312 0.565625 0.465625
303 14 0.607812 0.695312 0.565625 0.465625
304 14 0.607812 0.695312 0.565625 0.465625
305 14 0.607812 0.695312 0.565625 0.465625
306 14 0.607812 0.695312 0.565625 0.465625
307 14 0.607812 0.695312 0.565625 0.465625
308 14 0.607812 0.695312 0.565625 0.465625
309 14 0.607812 0.695312 0.565625 0.465625
310 14 0.607812 0.695312 0.565625 0.465625
311 14 0.607812 0.695312 0.565625 0.465625
312 2 0.539063 0.739062 0.503125 0.421875
313 2 0.559063 0.725938 0.503125 0.421875
314 2 0.579063 0.712812 0.503125 0.421875
315 2 0.599063 0.699688 0.503125 0.421875
316 2 0.619063 0.686562 0.503125 0.421875
317 2 0.639063 0.673438 0.503125 0.421875
318 2 0.639063 0.673438 0.503125 0.421875
319 2 0.639063 0.673438 0.503125 0.421875
320 2 0.639063 0.673438 0.503125 0.421875
321 2 0.639063 0.673438 0.503125 0.421875
322 2 0.639063 0.673438 0.503125 0.421875
323 14 0.682813 0.645312 0.565625 0.465625
324 14 0.673989 0.648989 0.565625 0.465625
325 14 0.665165 0.652665 0.565625 0.465625
326 14 0.656342 0.656342 0.565625 0.465625
327 14 0.647518 0.660018 0.565625 0.465625
328 14 0.638695 0.663695 0.565625 0.465625
329 14 0.629871 0.667371 0.565625 0.465625
330 14 0.621048 0.671048 0.565625 0.465625
331 14 0.612224 0.674724 0.565625 0.465625
332 14 0.603401 0.678401 0.565625 0.465625
333 14 0.594577 0.682077 0.565625 0.465625
334 14 0.585754 0.685754 0.565625 0.465625
335 14 0.576930 0.689430 0.565625 0.465625
336 14 0.568107 0.693107 0.565625 0.465625
337 14 0.559283 0.696783 0.565625 0.465625
338 14 0.550460 0.700460 0.565625 0.465625
339 14 0.541636 0.704136 0.565625 0.465625
340 14 0.532813 0.707812 0.565625 0.465625
341 14 0.532813 0.707812 0.565625 0.465625
342 14 0.532813 0.707812 0.565625 0.465625
343 14 0.532813 0.707812 0.565625 0.465625
344 14 0.532813 0.707812 0.565625 0.465625
345 14 0.532813 0.707812 0.565625 0.465625
346 14 0.532813 0.707812 0.565625 0.465625
347 14 0.532813 0.707812 0.565625 0.465625
348 14 0.532813 0.707812 0.565625 0.465625
349 14 0.532813 0.707812 0.565625 0.465625
350 14 0.532813 0.707812 0.565625 0.465625
351 14 0.532813 0.707812 0.565625 0.465625
352 2 0.535938 0.748437 0.503125 0.421875
353 2 0.552902 0.739062 0.503125 0.421875
354 2 0.569866 0.729688 0.503125 0.421875
355 2 0.586830 0.720313 0.503125 0.421875
356 2 0.603795 0.710938 0.503125 0.421875
357 2 0.620759 0.701562 0.503125 0.421875
358 2 0.637723 0.692187 0.503125 0.421875
359 2 0.654688 0.682813 0.503125 0.421875
360 2 0.654688 0.682813 0.503125 0.421875
361 2 0.654688 0.682813 0.503125 0.421875
362 2 0.654688 0.682813 0.503125 0.421875
363 2 0.654688 0.682813 0.503125 0.421875
364 2 0.654688 0.682813 0.503125 0.421875
365 2 0.654688 0.682813 0.503125 0.421875
366 2 0.654688 0.682813 0.503125 0.421875
367 2 0.654688 0.682813 0.503125 0.421875
368 14 0.664062 0.676562 0.565625 0.465625
369 14 0.656563 0.679219 0.565625 0.465625
370 14 0.649062 0.681875 0.565625 0.465625
371 14 0.641563 0.684531 0.565625 0.465625
372 14 0.634062 0.687187 0.565625 0.465625
373 14 0.626563 0.689844 0.565625 0.465625
374 14 0.619062 0.692500 0.565625 0.465625
375 14 0.611563 0.695156 0.565625 0.465625
376 14 0.604062 0.697812 0.565625 0.465625
377 14 0.596562 0.700469 0.565625 0.465625
378 14 0.589063 0.703125 0.565625 0.465625
379 14 0.581562 0.705781 0.565625 0.465625
380 14 0.574063 0.708438 0.565625 0.465625
381 14 0.566562 0.711094 0.565625 0.465625
382 14 0.559063 0.713750 0.565625 0.465625
383 14 0.551562 0.716406 0.565625 0.465625
384 14 0.544063 0.719063 0.565625 0.465625
385 14 0.536563 0.721719 0.565625 0.465625
386 14 0.529062 0.724375 0.565625 0.465625
387 14 0.521563 0.727031 0.565625 0.465625
388 14 0.514062 0.729688 0.565625 0.465625
389 14 0.514062 0.729688 0.565625 0.465625
390 14 0.514062 0.729688 0.565625 0.465625
391 14 0.514062 0.729688 0.565625 0.465625
392 14 0.514062 0.729688 0.565625 0.465625
393 14 0.514062 0.729688 0.565625 0.465625
394 2 0.548438 0.782813 0.503125 0.421875
395 2 0.564063 0.757812 0.503125 0.421875
396 2 0.579688 0.732812 0.503125 0.421875
397 2 0.595313 0.707812 0.503125 0.421875
398 2 0.610938 0.682813 0.503125 0.421875
399 2 0.626563 0.657813 0.503125 0.421875
400 2 0.643750 0.653125 0.503125 0.421875
401 2 0.660938 0.648438 0.503125 0.421875
402 2 0.678125 0.643750 0.503125 0.421875
403 2 0.695313 0.639062 0.503125 0.421875
404 2 0.712500 0.634375 0.503125 0.421875
405 2 0.729688 0.629687 0.503125 0.421875
