1 14 0.609375 0.326562 0.456250 0.409375
2 14 0.613542 0.396354 0.456250 0.409375
3 14 0.617708 0.466146 0.456250 0.409375
4 14 0.621875 0.535937 0.456250 0.409375
5 14 0.641146 0.567187 0.456250 0.409375
6 14 0.660417 0.598437 0.456250 0.409375
7 14 0.679688 0.629687 0.456250 0.409375
8 14 0.698958 0.660937 0.456250 0.409375
9 14 0.718229 0.692187 0.456250 0.409375
10 14 0.737500 0.723437 0.456250 0.409375
11 14 0.737500 0.692187 0.456250 0.409375
12 14 0.737500 0.660937 0.456250 0.409375
13 14 0.737500 0.629688 0.456250 0.409375
14 3 0.742188 0.550000 0.515625 0.587500
15 3 0.719688 0.502500 0.515625 0.587500
16 3 0.697187 0.455000 0.515625 0.587500
17 3 0.674687 0.407500 0.515625 0.587500
18 3 0.652188 0.360000 0.515625 0.587500
19 3 0.629687 0.312500 0.515625 0.587500
20 3 0.629687 0.312500 0.515625 0.587500
21 3 0.629687 0.312500 0.515625 0.587500
22 3 0.629687 0.312500 0.515625 0.587500
23 3 0.629687 0.312500 0.515625 0.587500
24 14 0.622917 0.237326 0.456250 0.409375
25 14 0.621615 0.254688 0.456250 0.409375
26 14 0.620313 0.272049 0.456250 0.409375
27 14 0.619010 0.289410 0.456250 0.409375
28 14 0.617708 0.306771 0.456250 0.409375
29 14 0.616406 0.324132 0.456250 0.409375
30 14 0.615104 0.341493 0.456250 0.409375
31 14 0.613802 0.358854 0.456250 0.409375
32 14 0.612500 0.376215 0.456250 0.409375
33 14 0.613079 0.416725 0.456250 0.409375
34 14 0.613657 0.457234 0.456250 0.409375
35 14 0.614236 0.497743 0.456250 0.409375
36 14 0.614815 0.538252 0.456250 0.409375
37 14 0.615394 0.578762 0.456250 0.409375
38 14 0.615972 0.619271 0.456250 0.409375
39 14 0.637500 0.653854 0.456250 0.409375
40 14 0.659028 0.688438 0.456250 0.409375
41 14 0.680556 0.723021 0.456250 0.409375
42 14 0.702083 0.757604 0.456250 0.409375
43 14 0.723611 0.792188 0.456250 0.409375
44 14 0.723611 0.792188 0.456250 0.409375
45 14 0.723611 0.792188 0.456250 0.409375
46 14 0.723611 0.792188 0.456250 0.409375
47 14 0.723611 0.792188 0.456250 0.409375
48 3 0.739062 0.703125 0.515625 0.587500
49 3 0.713889 0.644097 0.515625 0.587500
50 3 0.688715 0.585069 0.515625 0.587500
51 3 0.663542 0.526042 0.515625 0.587500
52 3 0.638368 0.467014 0.515625 0.587500
53 3 0.636632 0.425347 0.515625 0.587500
54 3 0.634896 0.383681 0.515625 0.587500
55 3 0.633160 0.342014 0.515625 0.587500
56 3 0.631424 0.300347 0.515625 0.587500
57 3 0.631424 0.300347 0.515625 0.587500
58 3 0.631424 0.300347 0.515625 0.587500
59 3 0.631424 0.300347 0.515625 0.587500
60 3 0.631424 0.300347 0.515625 0.587500
61 14 0.614236 0.418924 0.487500 0.537847
62 14 0.611921 0.444387 0.487500 0.537847
63 14 0.609606 0.469850 0.487500 0.537847
64 14 0.607292 0.495313 0.487500 0.537847
65 14 0.604977 0.520775 0.487500 0.537847
66 14 0.602662 0.546238 0.487500 0.537847
67 14 0.600347 0.571701 0.487500 0.537847
68 14 0.614236 0.602951 0.487500 0.537847
69 14 0.628125 0.634201 0.487500 0.537847
70 14 0.642014 0.665451 0.487500 0.537847
71 14 0.655903 0.696701 0.487500 0.537847
72 14 0.669792 0.727951 0.487500 0.537847
73 14 0.669792 0.727951 0.487500 0.537847
74 14 0.669792 0.727951 0.487500 0.537847
75 14 0.669792 0.727951 0.487500 0.537847
76 14 0.669792 0.727951 0.487500 0.537847
77 14 0.669792 0.727951 0.487500 0.537847
78 14 0.669792 0.727951 0.487500 0.537847
79 3 0.739062 0.703125 0.515625 0.587500
80 3 0.709549 0.675347 0.515625 0.587500
81 3 0.680035 0.647569 0.515625 0.587500
82 3 0.650521 0.619792 0.515625 0.587500
83 3 0.621007 0.592014 0.515625 0.587500
84 3 0.609201 0.532986 0.515625 0.587500
85 3 0.597396 0.473958 0.515625 0.587500
86 3 0.585590 0.414931 0.515625 0.587500
87 3 0.573785 0.355903 0.515625 0.587500
88 3 0.561979 0.296875 0.515625 0.587500
89 3 0.561979 0.296875 0.515625 0.587500
90 3 0.561979 0.296875 0.515625 0.587500
91 14 0.510069 0.276563 0.487500 0.537847
92 14 0.519097 0.332118 0.487500 0.537847
93 14 0.528125 0.387674 0.487500 0.537847
94 14 0.537153 0.443229 0.487500 0.537847
95 14 0.546181 0.498785 0.487500 0.537847
96 14 0.555208 0.554340 0.487500 0.537847
97 14 0.565625 0.583275 0.487500 0.537847
98 14 0.576042 0.612211 0.487500 0.537847
99 14 0.586458 0.641146 0.487500 0.537847
100 14 0.596875 0.670081 0.487500 0.537847
101 14 0.607292 0.699016 0.487500 0.537847
102 14 0.617708 0.727951 0.487500 0.537847
103 14 0.617708 0.727951 0.487500 0.537847
104 14 0.617708 0.727951 0.487500 0.537847
105 14 0.617708 0.727951 0.487500 0.537847
106 14 0.617708 0.727951 0.487500 0.537847
107 14 0.617708 0.727951 0.487500 0.537847
108 14 0.617708 0.727951 0.487500 0.537847
109 3 0.739062 0.703125 0.515625 0.587500
110 3 0.708507 0.677431 0.515625 0.587500
111 3 0.677951 0.651736 0.515625 0.587500
112 3 0.647396 0.626042 0.515625 0.587500
113 3 0.616840 0.600347 0.515625 0.587500
114 3 0.586285 0.574653 0.515625 0.587500
115 3 0.566609 0.535301 0.515625 0.587500
116 3 0.546933 0.495949 0.515625 0.587500
117 3 0.527257 0.456597 0.515625 0.587500
118 3 0.527257 0.456597 0.515625 0.587500
119 3 0.527257 0.456597 0.515625 0.587500
120 3 0.527257 0.456597 0.515625 0.587500
121 14 0.513542 0.481424 0.487500 0.537847
122 14 0.516667 0.499132 0.487500 0.537847
123 14 0.519792 0.516840 0.487500 0.537847
124 14 0.522917 0.534549 0.487500 0.537847
125 14 0.526042 0.552257 0.487500 0.537847
126 14 0.529167 0.569965 0.487500 0.537847
127 14 0.532292 0.587674 0.487500 0.537847
128 14 0.535417 0.605382 0.487500 0.537847
129 14 0.538542 0.623090 0.487500 0.537847
130 14 0.541667 0.640799 0.487500 0.537847
131 14 0.544792 0.658507 0.487500 0.537847
132 14 0.554823 0.659279 0.487500 0.537847
133 14 0.564853 0.660050 0.487500 0.537847
134 14 0.574884 0.660822 0.487500 0.537847
135 14 0.584915 0.661593 0.487500 0.537847
136 14 0.594946 0.662365 0.487500 0.537847
137 14 0.604977 0.663137 0.487500 0.537847
138 14 0.615008 0.663908 0.487500 0.537847
139 14 0.625039 0.664680 0.487500 0.537847
140 14 0.635069 0.665451 0.487500 0.537847
141 14 0.635069 0.665451 0.487500 0.537847
142 14 0.635069 0.665451 0.487500 0.537847
143 14 0.635069 0.665451 0.487500 0.537847
144 3 0.711285 0.703125 0.515625 0.587500
145 3 0.673090 0.629340 0.515625 0.587500
146 3 0.634896 0.555556 0.515625 0.587500
147 3 0.596701 0.481771 0.515625 0.587500
148 3 0.558507 0.407986 0.515625 0.587500
149 3 0.558507 0.407986 0.515625 0.587500
150 3 0.558507 0.407986 0.515625 0.587500
151 3 0.558507 0.407986 0.515625 0.587500
152 3 0.558507 0.407986 0.515625 0.587500
153 3 0.558507 0.407986 0.515625 0.587500
154 14 0.621181 0.349479 0.487500 0.537847
155 14 0.620795 0.371084 0.487500 0.537847
156 14 0.620409 0.392689 0.487500 0.537847
157 14 0.620023 0.414294 0.487500 0.537847
158 14 0.619637 0.435899 0.487500 0.537847
159 14 0.619252 0.457504 0.487500 0.537847
160 14 0.618866 0.479109 0.487500 0.537847
161 14 0.618480 0.500714 0.487500 0.537847
162 14 0.618094 0.522319 0.487500 0.537847
163 14 0.617708 0.543924 0.487500 0.537847
164 14 0.618403 0.580729 0.487500 0.537847
165 14 0.619097 0.617535 0.487500 0.537847
166 14 0.619792 0.654340 0.487500 0.537847
167 14 0.620486 0.691146 0.487500 0.537847
168 14 0.621181 0.727951 0.487500 0.537847
169 14 0.621181 0.727951 0.487500 0.537847
170 14 0.621181 0.727951 0.487500 0.537847
171 14 0.621181 0.727951 0.487500 0.537847
172 14 0.621181 0.727951 0.487500 0.537847
173 14 0.621181 0.727951 0.487500 0.537847
174 14 0.621181 0.727951 0.487500 0.537847
175 3 0.697396 0.689236 0.515625 0.587500
176 3 0.661285 0.650347 0.515625 0.587500
177 3 0.625174 0.611458 0.515625 0.587500
178 3 0.589063 0.572569 0.515625 0.587500
179 3 0.552951 0.533681 0.515625 0.587500
180 3 0.516840 0.494792 0.515625 0.587500
181 3 0.541146 0.469329 0.515625 0.587500
182 3 0.565451 0.443866 0.515625 0.587500
183 3 0.589757 0.418403 0.515625 0.587500
184 3 0.589757 0.418403 0.515625 0.587500
185 3 0.589757 0.418403 0.515625 0.587500
186 14 0.600347 0.464063 0.487500 0.537847
187 14 0.602579 0.473983 0.487500 0.537847
188 14 0.604812 0.483904 0.487500 0.537847
189 14 0.607044 0.493824 0.487500 0.537847
190 14 0.609276 0.503745 0.487500 0.537847
191 14 0.611508 0.513666 0.487500 0.537847
192 14 0.613740 0.523586 0.487500 0.537847
193 14 0.615972 0.533507 0.487500 0.537847
194 14 0.618204 0.543428 0.487500 0.537847
195 14 0.620437 0.553348 0.487500 0.537847
196 14 0.622669 0.563269 0.487500 0.537847
197 14 0.624901 0.573189 0.487500 0.537847
198 14 0.627133 0.583110 0.487500 0.537847
199 14 0.629365 0.593031 0.487500 0.537847
200 14 0.631597 0.602951 0.487500 0.537847
201 14 0.636458 0.625868 0.487500 0.537847
202 14 0.641319 0.648785 0.487500 0.537847
203 14 0.646181 0.671701 0.487500 0.537847
204 14 0.651042 0.694618 0.487500 0.537847
205 14 0.655903 0.717535 0.487500 0.537847
206 14 0.655903 0.717535 0.487500 0.537847
207 14 0.655903 0.717535 0.487500 0.537847
208 14 0.655903 0.717535 0.487500 0.537847
209 14 0.655903 0.717535 0.487500 0.537847
210 14 0.655903 0.717535 0.487500 0.537847
211 3 0.735590 0.657986 0.515625 0.587500
212 3 0.729803 0.616898 0.515625 0.587500
213 3 0.724016 0.575810 0.515625 0.587500
214 3 0.718229 0.534722 0.515625 0.587500
215 3 0.712442 0.493634 0.515625 0.587500
216 3 0.706655 0.452546 0.515625 0.587500
217 3 0.700868 0.411458 0.515625 0.587500
218 3 0.716493 0.373264 0.515625 0.587500
219 3 0.732118 0.335069 0.515625 0.587500
220 3 0.732118 0.335069 0.515625 0.587500
221 3 0.732118 0.335069 0.515625 0.587500
222 3 0.732118 0.335069 0.515625 0.587500
223 14 0.718403 0.359896 0.487500 0.537847
224 14 0.716319 0.378993 0.487500 0.537847
225 14 0.714236 0.398090 0.487500 0.537847
226 14 0.712153 0.417188 0.487500 0.537847
227 14 0.710069 0.436285 0.487500 0.537847
228 14 0.707986 0.455382 0.487500 0.537847
229 14 0.705903 0.474479 0.487500 0.537847
230 14 0.703819 0.493576 0.487500 0.537847
231 14 0.701736 0.512674 0.487500 0.537847
232 14 0.699653 0.531771 0.487500 0.537847
233 14 0.697569 0.550868 0.487500 0.537847
234 14 0.699058 0.576166 0.487500 0.537847
235 14 0.700546 0.601463 0.487500 0.537847
236 14 0.702034 0.626761 0.487500 0.537847
237 14 0.703522 0.652059 0.487500 0.537847
238 14 0.705010 0.677356 0.487500 0.537847
239 14 0.706498 0.702654 0.487500 0.537847
240 14 0.707986 0.727951 0.487500 0.537847
241 14 0.707986 0.727951 0.487500 0.537847
242 14 0.707986 0.727951 0.487500 0.537847
243 14 0.707986 0.727951 0.487500 0.537847
244 14 0.707986 0.727951 0.487500 0.537847
245 14 0.707986 0.727951 0.487500 0.537847
246 14 0.707986 0.727951 0.487500 0.537847
247 14 0.707986 0.727951 0.487500 0.537847
248 3 0.739062 0.703125 0.515625 0.587500
249 3 0.721701 0.671007 0.515625 0.587500
250 3 0.704340 0.638889 0.515625 0.587500
251 3 0.686979 0.606771 0.515625 0.587500
252 3 0.669618 0.574653 0.515625 0.587500
253 3 0.671933 0.489005 0.515625 0.587500
254 3 0.674248 0.403356 0.515625 0.587500
255 3 0.676562 0.317708 0.515625 0.587500
256 3 0.583970 0.310764 0.515625 0.587500
257 3 0.491377 0.303819 0.515625 0.587500
258 3 0.398785 0.296875 0.515625 0.587500
259 3 0.645313 0.342014 0.515625 0.587500
260 3 0.645313 0.342014 0.515625 0.587500
261 3 0.645313 0.342014 0.515625 0.587500
262 14 0.662847 0.457118 0.487500 0.537847
263 14 0.666319 0.492419 0.487500 0.537847
264 14 0.669792 0.527720 0.487500 0.537847
265 14 0.673264 0.563021 0.487500 0.537847
266 14 0.676736 0.598322 0.487500 0.537847
267 14 0.680208 0.633623 0.487500 0.537847
268 14 0.683681 0.668924 0.487500 0.537847
269 14 0.695255 0.678762 0.487500 0.537847
270 14 0.706829 0.688600 0.487500 0.537847
271 14 0.718403 0.698438 0.487500 0.537847
272 14 0.729977 0.708275 0.487500 0.537847
273 14 0.741551 0.718113 0.487500 0.537847
274 14 0.753125 0.727951 0.487500 0.537847
275 14 0.753125 0.659375 0.487500 0.537847
276 14 0.753125 0.590799 0.487500 0.537847
277 14 0.753125 0.522222 0.487500 0.537847
278 14 0.753125 0.453646 0.487500 0.537847
279 14 0.753125 0.727951 0.487500 0.537847
280 14 0.753125 0.648090 0.487500 0.537847
281 14 0.753125 0.648090 0.487500 0.537847
282 3 0.680035 0.449653 0.515625 0.587500
283 3 0.680035 0.449653 0.515625 0.587500
284 3 0.680035 0.449653 0.515625 0.587500
285 3 0.680035 0.449653 0.515625 0.587500
286 3 0.680035 0.449653 0.515625 0.587500
287 3 0.680035 0.449653 0.515625 0.587500
288 14 0.690625 0.387674 0.487500 0.537847
289 14 0.690625 0.412847 0.487500 0.537847
290 14 0.690625 0.438021 0.487500 0.537847
291 14 0.690625 0.463194 0.487500 0.537847
292 14 0.690625 0.488368 0.487500 0.537847
293 14 0.690625 0.513542 0.487500 0.537847
294 14 0.690625 0.538715 0.487500 0.537847
295 14 0.690625 0.563889 0.487500 0.537847
296 14 0.690625 0.589063 0.487500 0.537847
297 14 0.690625 0.602257 0.487500 0.537847
298 14 0.690625 0.615451 0.487500 0.537847
299 14 0.690625 0.628646 0.487500 0.537847
300 14 0.690625 0.641840 0.487500 0.537847
301 14 0.690625 0.655035 0.487500 0.537847
302 14 0.690625 0.679340 0.487500 0.537847
303 14 0.690625 0.703646 0.487500 0.537847
304 14 0.690625 0.727951 0.487500 0.537847
305 14 0.690625 0.727951 0.487500 0.537847
306 3 0.739062 0.703125 0.515625 0.587500
307 3 0.737078 0.676835 0.515625 0.587500
308 3 0.735094 0.650546 0.515625 0.587500
309 3 0.733110 0.624256 0.515625 0.587500
310 3 0.731126 0.597966 0.515625 0.587500
311 3 0.729142 0.571677 0.515625 0.587500
312 3 0.727158 0.545387 0.515625 0.587500
313 3 0.725174 0.519097 0.515625 0.587500
314 3 0.718924 0.482986 0.515625 0.587500
315 3 0.712674 0.446875 0.515625 0.587500
316 3 0.706424 0.410764 0.515625 0.587500
317 3 0.700174 0.374653 0.515625 0.587500
318 3 0.693924 0.338542 0.515625 0.587500
319 3 0.693924 0.338542 0.515625 0.587500
320 3 0.693924 0.338542 0.515625 0.587500
321 3 0.693924 0.338542 0.515625 0.587500
322 14 0.697569 0.366840 0.487500 0.537847
323 14 0.700656 0.398090 0.487500 0.537847
324 14 0.703742 0.429340 0.487500 0.537847
325 14 0.706829 0.460590 0.487500 0.537847
326 14 0.709915 0.491840 0.487500 0.537847
327 14 0.713002 0.523090 0.487500 0.537847
328 14 0.716088 0.554340 0.487500 0.537847
329 14 0.719174 0.585590 0.487500 0.537847
330 14 0.722261 0.616840 0.487500 0.537847
331 14 0.725347 0.648090 0.487500 0.537847
332 14 0.725347 0.648090 0.487500 0.537847
333 14 0.725347 0.648090 0.487500 0.537847
334 14 0.725347 0.648090 0.487500 0.537847
335 14 0.725347 0.648090 0.487500 0.537847
336 14 0.725347 0.648090 0.487500 0.537847
337 14 0.725347 0.648090 0.487500 0.537847
338 14 0.725347 0.648090 0.487500 0.537847
339 14 0.725347 0.648090 0.487500 0.537847
340 14 0.725347 0.648090 0.487500 0.537847
341 14 0.725347 0.648090 0.487500 0.537847
342 3 0.739062 0.703125 0.515625 0.587500
343 3 0.736169 0.673611 0.515625 0.587500
344 3 0.733275 0.644097 0.515625 0.587500
345 3 0.730382 0.614583 0.515625 0.587500
346 3 0.727488 0.585069 0.515625 0.587500
347 3 0.724595 0.555556 0.515625 0.587500
348 3 0.721701 0.526042 0.515625 0.587500
349 3 0.712153 0.493056 0.515625 0.587500
350 3 0.702604 0.460069 0.515625 0.587500
351 3 0.693056 0.427083 0.515625 0.587500
352 3 0.683507 0.394097 0.515625 0.587500
353 3 0.683507 0.394097 0.515625 0.587500
354 3 0.683507 0.394097 0.515625 0.587500
355 14 0.655903 0.398090 0.487500 0.537847
356 14 0.655903 0.412413 0.487500 0.537847
357 14 0.655903 0.426736 0.487500 0.537847
358 14 0.655903 0.441059 0.487500 0.537847
359 14 0.655903 0.455382 0.487500 0.537847
360 14 0.655903 0.469705 0.487500 0.537847
361 14 0.655903 0.484028 0.487500 0.537847
362 14 0.655903 0.498351 0.487500 0.537847
363 14 0.655903 0.512674 0.487500 0.537847
364 14 0.666319 0.538715 0.487500 0.537847
365 14 0.676736 0.564757 0.487500 0.537847
366 14 0.687153 0.590799 0.487500 0.537847
367 14 0.697569 0.616840 0.487500 0.537847
368 14 0.700174 0.637674 0.487500 0.537847
369 14 0.702778 0.658507 0.487500 0.537847
370 14 0.705382 0.679340 0.487500 0.537847
371 14 0.707986 0.700174 0.487500 0.537847
372 14 0.707986 0.700174 0.487500 0.537847
373 14 0.707986 0.700174 0.487500 0.537847
374 14 0.707986 0.700174 0.487500 0.537847
375 14 0.707986 0.700174 0.487500 0.537847
376 3 0.739062 0.633681 0.515625 0.587500
377 3 0.735243 0.612500 0.515625 0.587500
378 3 0.731424 0.591319 0.515625 0.587500
379 3 0.727604 0.570139 0.515625 0.587500
380 3 0.723785 0.548958 0.515625 0.587500
381 3 0.719965 0.527778 0.515625 0.587500
382 3 0.716146 0.506597 0.515625 0.587500
383 3 0.712326 0.485417 0.515625 0.587500
384 3 0.708507 0.464236 0.515625 0.587500
385 3 0.704688 0.443056 0.515625 0.587500
386 3 0.700868 0.421875 0.515625 0.587500
387 3 0.700868 0.421875 0.515625 0.587500
388 3 0.700868 0.421875 0.515625 0.587500
389 3 0.700868 0.421875 0.515625 0.587500
390 3 0.700868 0.421875 0.515625 0.587500
391 3 0.700868 0.421875 0.515625 0.587500
392 14 0.683681 0.443229 0.487500 0.537847
393 14 0.687587 0.470139 0.487500 0.537847
394 14 0.691493 0.497049 0.487500 0.537847
395 14 0.695399 0.523958 0.487500 0.537847
396 14 0.699306 0.550868 0.487500 0.537847
397 14 0.703212 0.577778 0.487500 0.537847
398 14 0.707118 0.604688 0.487500 0.537847
399 14 0.711024 0.631597 0.487500 0.537847
400 14 0.714931 0.658507 0.487500 0.537847
401 14 0.714931 0.658507 0.487500 0.537847
402 14 0.714931 0.658507 0.487500 0.537847
403 14 0.714931 0.658507 0.487500 0.537847
404 14 0.714931 0.658507 0.487500 0.537847
405 14 0.714931 0.658507 0.487500 0.537847
