1 13 0.534375 0.710938 0.593750 0.540625
2 13 0.535275 0.710653 0.593750 0.540625
3 13 0.536174 0.710369 0.593750 0.540625
4 13 0.537074 0.710085 0.593750 0.540625
5 13 0.537973 0.709801 0.593750 0.540625
6 13 0.538873 0.709517 0.593750 0.540625
7 13 0.539773 0.709233 0.593750 0.540625
8 13 0.540672 0.708949 0.593750 0.540625
9 13 0.541572 0.708665 0.593750 0.540625
10 13 0.542472 0.708381 0.593750 0.540625
11 13 0.543371 0.708097 0.593750 0.540625
12 13 0.544271 0.707812 0.593750 0.540625
13 13 0.545170 0.707528 0.593750 0.540625
14 13 0.546070 0.707244 0.593750 0.540625
15 13 0.546970 0.706960 0.593750 0.540625
16 13 0.547869 0.706676 0.593750 0.540625
17 13 0.548769 0.706392 0.593750 0.540625
18 13 0.549669 0.706108 0.593750 0.540625
19 13 0.550568 0.705824 0.593750 0.540625
20 13 0.551468 0.705540 0.593750 0.540625
21 13 0.552367 0.705256 0.593750 0.540625
22 13 0.553267 0.704972 0.593750 0.540625
23 13 0.554167 0.704688 0.593750 0.540625
24 13 0.555066 0.704403 0.593750 0.540625
25 13 0.555966 0.704119 0.593750 0.540625
26 13 0.556866 0.703835 0.593750 0.540625
27 13 0.557765 0.703551 0.593750 0.540625
28 13 0.558665 0.703267 0.593750 0.540625
29 13 0.559564 0.702983 0.593750 0.540625
30 13 0.560464 0.702699 0.593750 0.540625
31 13 0.561364 0.702415 0.593750 0.540625
32 13 0.562263 0.702131 0.593750 0.540625
33 13 0.563163 0.701847 0.593750 0.540625
34 13 0.564063 0.701562 0.593750 0.540625
35 13 0.564962 0.701278 0.593750 0.540625
36 13 0.565862 0.700994 0.593750 0.540625
37 13 0.566761 0.700710 0.593750 0.540625
38 13 0.567661 0.700426 0.593750 0.540625
39 13 0.568561 0.700142 0.593750 0.540625
40 13 0.569460 0.699858 0.593750 0.540625
41 13 0.570360 0.699574 0.593750 0.540625
42 13 0.571259 0.699290 0.593750 0.540625
43 13 0.572159 0.699006 0.593750 0.540625
44 13 0.573059 0.698722 0.593750 0.540625
45 13 0.573958 0.698438 0.593750 0.540625
46 13 0.574858 0.698153 0.593750 0.540625
47 13 0.575758 0.697869 0.593750 0.540625
48 13 0.576657 0.697585 0.593750 0.540625
49 13 0.577557 0.697301 0.593750 0.540625
50 13 0.578456 0.697017 0.593750 0.540625
51 13 0.579356 0.696733 0.593750 0.540625
52 13 0.580256 0.696449 0.593750 0.540625
53 13 0.581155 0.696165 0.593750 0.540625
54 13 0.582055 0.695881 0.593750 0.540625
55 13 0.582955 0.695597 0.593750 0.540625
56 13 0.583854 0.695312 0.593750 0.540625
57 13 0.584754 0.695028 0.593750 0.540625
58 13 0.585653 0.694744 0.593750 0.540625
59 13 0.586553 0.694460 0.593750 0.540625
60 13 0.587453 0.694176 0.593750 0.540625
61 13 0.588352 0.693892 0.593750 0.540625
62 13 0.589252 0.693608 0.593750 0.540625
63 13 0.590152 0.693324 0.593750 0.540625
64 13 0.591051 0.693040 0.593750 0.540625
65 13 0.591951 0.692756 0.593750 0.540625
66 13 0.592850 0.692472 0.593750 0.540625
67 13 0.593750 0.692187 0.593750 0.540625
68 13 0.593750 0.692187 0.593750 0.540625
69 13 0.593750 0.692187 0.593750 0.540625
70 13 0.593750 0.692187 0.593750 0.540625
71 13 0.593750 0.692187 0.593750 0.540625
72 13 0.593750 0.692187 0.593750 0.540625
73 13 0.593750 0.692187 0.593750 0.540625
74 13 0.593750 0.692187 0.593750 0.540625
75 13 0.593750 0.692187 0.593750 0.540625
76 13 0.593750 0.692187 0.593750 0.540625
77 13 0.593750 0.692187 0.593750 0.540625
78 13 0.593750 0.692187 0.593750 0.540625
79 13 0.593750 0.692187 0.593750 0.540625
80 13 0.593750 0.692187 0.593750 0.540625
81 13 0.593750 0.692187 0.593750 0.540625
82 13 0.593750 0.692187 0.593750 0.540625
83 13 0.593750 0.692187 0.593750 0.540625
84 13 0.593750 0.692187 0.593750 0.540625
85 13 0.593750 0.692187 0.593750 0.540625
86 13 0.593750 0.692187 0.593750 0.540625
87 13 0.593750 0.692187 0.593750 0.540625
88 13 0.593750 0.692187 0.593750 0.540625
89 13 0.593750 0.692187 0.593750 0.540625
90 13 0.593750 0.692187 0.593750 0.540625
91 13 0.593750 0.692187 0.593750 0.540625
92 13 0.593750 0.692187 0.593750 0.540625
93 13 0.593750 0.692187 0.593750 0.540625
94 13 0.593750 0.692187 0.593750 0.540625
95 13 0.593750 0.692187 0.593750 0.540625
96 13 0.593750 0.692187 0.593750 0.540625
97 13 0.593750 0.692187 0.593750 0.540625
98 13 0.593750 0.692187 0.593750 0.540625
99 13 0.593750 0.692187 0.593750 0.540625
100 13 0.593750 0.692187 0.593750 0.540625
101 13 0.593750 0.692187 0.593750 0.540625
102 13 0.593750 0.692187 0.593750 0.540625
103 13 0.593750 0.692187 0.593750 0.540625
104 13 0.593750 0.692187 0.593750 0.540625
105 13 0.593750 0.692187 0.593750 0.540625
106 13 0.593750 0.692187 0.593750 0.540625
107 13 0.593750 0.692187 0.593750 0.540625
108 13 0.593750 0.692187 0.593750 0.540625
109 13 0.593750 0.692187 0.593750 0.540625
110 13 0.593750 0.692187 0.593750 0.540625
111 13 0.593750 0.692187 0.593750 0.540625
112 13 0.593750 0.692187 0.593750 0.540625
113 13 0.593750 0.692187 0.593750 0.540625
114 13 0.593750 0.692187 0.593750 0.540625
115 13 0.593750 0.692187 0.593750 0.540625
116 13 0.593750 0.692187 0.593750 0.540625
117 13 0.593750 0.692187 0.593750 0.540625
118 13 0.593750 0.692187 0.593750 0.540625
119 13 0.593750 0.692187 0.593750 0.540625
120 13 0.593750 0.692187 0.593750 0.540625
121 13 0.593750 0.692187 0.593750 0.540625
122 13 0.593750 0.692187 0.593750 0.540625
123 13 0.593750 0.692187 0.593750 0.540625
124 13 0.593750 0.692187 0.593750 0.540625
125 13 0.593750 0.692187 0.593750 0.540625
126 13 0.593750 0.692187 0.593750 0.540625
127 13 0.593750 0.692187 0.593750 0.540625
128 13 0.593750 0.692187 0.593750 0.540625
129 13 0.593750 0.692187 0.593750 0.540625
130 13 0.593750 0.692187 0.593750 0.540625
131 13 0.593750 0.692187 0.593750 0.540625
132 13 0.593750 0.692187 0.593750 0.540625
133 13 0.593750 0.692187 0.593750 0.540625
134 13 0.593750 0.692187 0.593750 0.540625
135 13 0.593750 0.692187 0.593750 0.540625
136 13 0.593750 0.692187 0.593750 0.540625
137 13 0.593750 0.692187 0.593750 0.540625
138 13 0.593750 0.692187 0.593750 0.540625
139 13 0.593750 0.692187 0.593750 0.540625
140 13 0.593750 0.692187 0.593750 0.540625
141 13 0.593750 0.692187 0.593750 0.540625
142 13 0.593750 0.692187 0.593750 0.540625
143 13 0.593750 0.692187 0.593750 0.540625
144 13 0.593750 0.692187 0.593750 0.540625
145 13 0.593750 0.692187 0.593750 0.540625
146 13 0.593750 0.692187 0.593750 0.540625
147 13 0.593750 0.692187 0.593750 0.540625
148 13 0.593750 0.692187 0.593750 0.540625
149 13 0.593750 0.692187 0.593750 0.540625
150 13 0.593750 0.692187 0.593750 0.540625
151 13 0.593750 0.692187 0.593750 0.540625
152 13 0.593750 0.692187 0.593750 0.540625
153 13 0.593750 0.692187 0.593750 0.540625
154 13 0.593750 0.692187 0.593750 0.540625
155 13 0.593750 0.692187 0.593750 0.540625
156 13 0.593750 0.692187 0.593750 0.540625
157 13 0.593750 0.692187 0.593750 0.540625
158 13 0.593750 0.692187 0.593750 0.540625
159 13 0.593750 0.692187 0.593750 0.540625
160 13 0.593750 0.692187 0.593750 0.540625
161 13 0.593750 0.692187 0.593750 0.540625
162 13 0.593750 0.692187 0.593750 0.540625
163 13 0.593750 0.692187 0.593750 0.540625
164 13 0.593750 0.692187 0.593750 0.540625
165 13 0.593750 0.692187 0.593750 0.540625
166 13 0.593750 0.692187 0.593750 0.540625
167 13 0.593750 0.692187 0.593750 0.540625
168 13 0.593750 0.692187 0.593750 0.540625
169 13 0.593750 0.692187 0.593750 0.540625
170 13 0.593750 0.692187 0.593750 0.540625
171 13 0.593750 0.692187 0.593750 0.540625
172 13 0.593750 0.692187 0.593750 0.540625
173 13 0.593750 0.692187 0.593750 0.540625
174 13 0.593750 0.692187 0.593750 0.540625
175 13 0.593750 0.692187 0.593750 0.540625
176 13 0.593750 0.692187 0.593750 0.540625
177 13 0.593750 0.692187 0.593750 0.540625
178 13 0.593750 0.692187 0.593750 0.540625
179 13 0.593750 0.692187 0.593750 0.540625
180 13 0.593750 0.692187 0.593750 0.540625
181 13 0.593750 0.692187 0.593750 0.540625
182 13 0.593750 0.692187 0.593750 0.540625
183 13 0.593750 0.692187 0.593750 0.540625
184 13 0.593750 0.692187 0.593750 0.540625
185 13 0.593750 0.692187 0.593750 0.540625
186 13 0.593750 0.692187 0.593750 0.540625
187 13 0.593750 0.692187 0.593750 0.540625
188 13 0.593750 0.692187 0.593750 0.540625
189 13 0.593750 0.692187 0.593750 0.540625
190 13 0.593750 0.692187 0.593750 0.540625
191 13 0.593750 0.692187 0.593750 0.540625
192 13 0.593750 0.692187 0.593750 0.540625
193 13 0.593750 0.692187 0.593750 0.540625
194 13 0.593750 0.692187 0.593750 0.540625
195 13 0.593750 0.692187 0.593750 0.540625
196 13 0.593750 0.692187 0.593750 0.540625
197 13 0.593750 0.692187 0.593750 0.540625
198 13 0.593750 0.692187 0.593750 0.540625
199 13 0.593750 0.692187 0.593750 0.540625
200 13 0.593750 0.692187 0.593750 0.540625
201 13 0.593750 0.692187 0.593750 0.540625
202 13 0.593750 0.692187 0.593750 0.540625
203 13 0.593750 0.692187 0.593750 0.540625
204 13 0.593750 0.692187 0.593750 0.540625
205 13 0.593750 0.692187 0.593750 0.540625
206 13 0.593750 0.692187 0.593750 0.540625
207 13 0.593750 0.692187 0.593750 0.540625
208 13 0.593750 0.692187 0.593750 0.540625
209 13 0.593750 0.692187 0.593750 0.540625
210 13 0.593750 0.692187 0.593750 0.540625
211 13 0.593750 0.692187 0.593750 0.540625
212 13 0.593750 0.692187 0.593750 0.540625
213 13 0.593750 0.692187 0.593750 0.540625
214 13 0.593750 0.692187 0.593750 0.540625
215 13 0.593750 0.692187 0.593750 0.540625
216 13 0.593750 0.692187 0.593750 0.540625
217 13 0.593750 0.692187 0.593750 0.540625
218 13 0.593750 0.692187 0.593750 0.540625
219 13 0.593750 0.692187 0.593750 0.540625
220 13 0.593750 0.692187 0.593750 0.540625
221 13 0.593750 0.692187 0.593750 0.540625
222 13 0.593750 0.692187 0.593750 0.540625
223 13 0.593750 0.692187 0.593750 0.540625
224 13 0.593750 0.692187 0.593750 0.540625
225 13 0.593750 0.692187 0.593750 0.540625
226 13 0.593750 0.692187 0.593750 0.540625
227 13 0.593750 0.692187 0.593750 0.540625
228 13 0.593750 0.692187 0.593750 0.540625
229 13 0.593750 0.692187 0.593750 0.540625
230 13 0.593750 0.692187 0.593750 0.540625
231 13 0.593750 0.692187 0.593750 0.540625
232 13 0.593750 0.692187 0.593750 0.540625
233 13 0.593750 0.692187 0.593750 0.540625
234 13 0.593750 0.692187 0.593750 0.540625
235 13 0.593750 0.692187 0.593750 0.540625
236 13 0.593750 0.692187 0.593750 0.540625
237 13 0.593750 0.692187 0.593750 0.540625
238 13 0.593750 0.692187 0.593750 0.540625
239 13 0.593750 0.692187 0.593750 0.540625
240 13 0.593750 0.692187 0.593750 0.540625
241 13 0.593750 0.692187 0.593750 0.540625
242 13 0.593750 0.692187 0.593750 0.540625
243 13 0.593750 0.692187 0.593750 0.540625
244 13 0.593750 0.692187 0.593750 0.540625
245 13 0.593750 0.692187 0.593750 0.540625
246 13 0.593750 0.692187 0.593750 0.540625
247 13 0.593750 0.692187 0.593750 0.540625
248 13 0.593750 0.692187 0.593750 0.540625
249 13 0.593750 0.692187 0.593750 0.540625
250 13 0.593750 0.692187 0.593750 0.540625
251 13 0.593750 0.692187 0.593750 0.540625
252 13 0.593750 0.692187 0.593750 0.540625
253 13 0.593750 0.692187 0.593750 0.540625
254 13 0.593750 0.692187 0.593750 0.540625
255 13 0.593750 0.692187 0.593750 0.540625
256 13 0.593750 0.692187 0.593750 0.540625
257 13 0.593750 0.692187 0.593750 0.540625
258 13 0.593750 0.692187 0.593750 0.540625
259 13 0.593750 0.692187 0.593750 0.540625
260 13 0.593750 0.692187 0.593750 0.540625
261 13 0.593750 0.692187 0.593750 0.540625
262 13 0.593750 0.692187 0.593750 0.540625
263 13 0.593750 0.692187 0.593750 0.540625
264 13 0.593750 0.692187 0.593750 0.540625
265 13 0.593750 0.692187 0.593750 0.540625
266 13 0.593750 0.692187 0.593750 0.540625
267 13 0.593750 0.692187 0.593750 0.540625
268 13 0.593750 0.692187 0.593750 0.540625
269 13 0.593750 0.692187 0.593750 0.540625
270 13 0.593750 0.692187 0.593750 0.540625
271 13 0.593750 0.692187 0.593750 0.540625
272 13 0.593750 0.692187 0.593750 0.540625
273 13 0.593750 0.692187 0.593750 0.540625
274 13 0.593750 0.692187 0.593750 0.540625
275 13 0.593750 0.692187 0.593750 0.540625
276 13 0.593750 0.692187 0.593750 0.540625
277 13 0.593750 0.692187 0.593750 0.540625
278 13 0.593750 0.692187 0.593750 0.540625
279 13 0.593750 0.692187 0.593750 0.540625
280 13 0.593750 0.692187 0.593750 0.540625
281 13 0.593750 0.692187 0.593750 0.540625
282 13 0.593750 0.692187 0.593750 0.540625
283 13 0.593750 0.692187 0.593750 0.540625
284 13 0.593750 0.692187 0.593750 0.540625
285 13 0.593750 0.692187 0.593750 0.540625
286 13 0.593750 0.692187 0.593750 0.540625
287 13 0.593750 0.692187 0.593750 0.540625
288 13 0.593750 0.692187 0.593750 0.540625
289 13 0.593750 0.692187 0.593750 0.540625
290 13 0.593750 0.692187 0.593750 0.540625
291 13 0.593750 0.692187 0.593750 0.540625
292 13 0.593750 0.692187 0.593750 0.540625
293 13 0.593750 0.692187 0.593750 0.540625
294 13 0.593750 0.692187 0.593750 0.540625
295 13 0.593750 0.692187 0.593750 0.540625
296 13 0.593750 0.692187 0.593750 0.540625
297 13 0.593750 0.692187 0.593750 0.540625
298 13 0.593750 0.692187 0.593750 0.540625
299 13 0.593750 0.692187 0.593750 0.540625
300 13 0.593750 0.692187 0.593750 0.540625
301 13 0.593750 0.692187 0.593750 0.540625
302 13 0.593750 0.692187 0.593750 0.540625
303 13 0.593750 0.692187 0.593750 0.540625
304 13 0.593750 0.692187 0.593750 0.540625
305 13 0.593750 0.692187 0.593750 0.540625
306 13 0.593750 0.692187 0.593750 0.540625
307 13 0.593750 0.692187 0.593750 0.540625
308 13 0.593750 0.692187 0.593750 0.540625
309 13 0.593750 0.692187 0.593750 0.540625
310 13 0.593750 0.692187 0.593750 0.540625
311 13 0.593750 0.692187 0.593750 0.540625
312 13 0.593750 0.692187 0.593750 0.540625
313 13 0.593750 0.692187 0.593750 0.540625
314 13 0.593750 0.692187 0.593750 0.540625
315 13 0.593750 0.692187 0.593750 0.540625
316 13 0.593750 0.692187 0.593750 0.540625
317 13 0.593750 0.692187 0.593750 0.540625
318 13 0.593750 0.692187 0.593750 0.540625
319 13 0.593750 0.692187 0.593750 0.540625
320 13 0.593750 0.692187 0.593750 0.540625
321 13 0.593750 0.692187 0.593750 0.540625
322 13 0.593750 0.692187 0.593750 0.540625
323 13 0.593750 0.692187 0.593750 0.540625
324 13 0.593750 0.692187 0.593750 0.540625
325 13 0.593750 0.692187 0.593750 0.540625
326 13 0.593750 0.692187 0.593750 0.540625
327 13 0.593750 0.692187 0.593750 0.540625
328 13 0.593750 0.692187 0.593750 0.540625
329 13 0.593750 0.692187 0.593750 0.540625
330 13 0.593750 0.692187 0.593750 0.540625
331 13 0.593750 0.692187 0.593750 0.540625
332 13 0.593750 0.692187 0.593750 0.540625
333 13 0.593750 0.692187 0.593750 0.540625
334 13 0.593750 0.692187 0.593750 0.540625
335 13 0.593750 0.692187 0.593750 0.540625
336 13 0.593750 0.692187 0.593750 0.540625
337 13 0.593750 0.692187 0.593750 0.540625
338 13 0.593750 0.692187 0.593750 0.540625
339 13 0.593750 0.692187 0.593750 0.540625
340 13 0.593750 0.692187 0.593750 0.540625
341 13 0.593750 0.692187 0.593750 0.540625
342 13 0.593750 0.692187 0.593750 0.540625
343 13 0.593750 0.692187 0.593750 0.540625
344 13 0.593750 0.692187 0.593750 0.540625
345 13 0.593750 0.692187 0.593750 0.540625
346 13 0.593750 0.692187 0.593750 0.540625
347 13 0.593750 0.692187 0.593750 0.540625
348 13 0.593750 0.692187 0.593750 0.540625
349 13 0.593750 0.692187 0.593750 0.540625
350 13 0.593750 0.692187 0.593750 0.540625
351 13 0.593750 0.692187 0.593750 0.540625
352 13 0.593750 0.692187 0.593750 0.540625
353 13 0.593750 0.692187 0.593750 0.540625
354 13 0.593750 0.692187 0.593750 0.540625
355 13 0.593750 0.692187 0.593750 0.540625
356 13 0.593750 0.692187 0.593750 0.540625
357 13 0.593750 0.692187 0.593750 0.540625
358 13 0.593750 0.692187 0.593750 0.540625
359 13 0.593750 0.692187 0.593750 0.540625
360 13 0.593750 0.692187 0.593750 0.540625
361 13 0.593750 0.692187 0.593750 0.540625
362 13 0.593750 0.692187 0.593750 0.540625
363 13 0.593750 0.692187 0.593750 0.540625
364 13 0.593750 0.692187 0.593750 0.540625
365 13 0.593750 0.692187 0.593750 0.540625
366 13 0.593750 0.692187 0.593750 0.540625
367 13 0.593750 0.692187 0.593750 0.540625
368 13 0.593750 0.692187 0.593750 0.540625
369 13 0.593750 0.692187 0.593750 0.540625
370 13 0.593750 0.692187 0.593750 0.540625
371 13 0.593750 0.692187 0.593750 0.540625
372 13 0.593750 0.692187 0.593750 0.540625
373 13 0.593750 0.692187 0.593750 0.540625
374 13 0.593750 0.692187 0.593750 0.540625
375 13 0.593750 0.692187 0.593750 0.540625
376 13 0.593750 0.692187 0.593750 0.540625
377 13 0.593750 0.692187 0.593750 0.540625
378 13 0.593750 0.692187 0.593750 0.540625
379 13 0.593750 0.692187 0.593750 0.540625
380 13 0.593750 0.692187 0.593750 0.540625
381 13 0.593750 0.692187 0.593750 0.540625
382 13 0.593750 0.692187 0.593750 0.540625
383 13 0.593750 0.692187 0.593750 0.540625
384 13 0.593750 0.692187 0.593750 0.540625
385 13 0.593750 0.692187 0.593750 0.540625
386 13 0.593750 0.692187 0.593750 0.540625
387 13 0.593750 0.692187 0.593750 0.540625
388 13 0.593750 0.692187 0.593750 0.540625
389 13 0.593750 0.692187 0.593750 0.540625
390 13 0.593750 0.692187 0.593750 0.540625
391 13 0.593750 0.692187 0.593750 0.540625
392 13 0.593750 0.692187 0.593750 0.540625
393 13 0.593750 0.692187 0.593750 0.540625
394 13 0.593750 0.692187 0.593750 0.540625
395 13 0.593750 0.692187 0.593750 0.540625
396 13 0.593750 0.692187 0.593750 0.540625
397 13 0.593750 0.692187 0.593750 0.540625
398 13 0.593750 0.692187 0.593750 0.540625
399 13 0.593750 0.692187 0.593750 0.540625
400 13 0.593750 0.692187 0.593750 0.540625
401 13 0.593750 0.692187 0.593750 0.540625
402 13 0.593750 0.692187 0.593750 0.540625
403 13 0.593750 0.692187 0.593750 0.540625
404 13 0.593750 0.692187 0.593750 0.540625
405 13 0.593750 0.692187 0.593750 0.540625
