1 12 0.465625 0.667188 0.387500 0.365625
2 12 0.463281 0.669010 0.387500 0.365625
3 12 0.460938 0.670833 0.387500 0.365625
4 12 0.458594 0.672656 0.387500 0.365625
5 12 0.456250 0.674479 0.387500 0.365625
6 12 0.453906 0.676302 0.387500 0.365625
7 12 0.451562 0.678125 0.387500 0.365625
8 12 0.449219 0.679948 0.387500 0.365625
9 12 0.446875 0.681771 0.387500 0.365625
10 12 0.444531 0.683594 0.387500 0.365625
11 12 0.442188 0.685417 0.387500 0.365625
12 12 0.439844 0.687240 0.387500 0.365625
13 12 0.437500 0.689063 0.387500 0.365625
14 12 0.440755 0.687370 0.387500 0.365625
15 12 0.444010 0.685677 0.387500 0.365625
16 12 0.447266 0.683984 0.387500 0.365625
17 12 0.450521 0.682292 0.387500 0.365625
18 12 0.453776 0.680599 0.387500 0.365625
19 12 0.457031 0.678906 0.387500 0.365625
20 12 0.460286 0.677214 0.387500 0.365625
21 12 0.463542 0.675521 0.387500 0.365625
22 12 0.466797 0.673828 0.387500 0.365625
23 12 0.470052 0.672135 0.387500 0.365625
24 12 0.473307 0.670443 0.387500 0.365625
25 12 0.476562 0.668750 0.387500 0.365625
26 12 0.479818 0.667057 0.387500 0.365625
27 12 0.483073 0.665365 0.387500 0.365625
28 12 0.486328 0.663672 0.387500 0.365625
29 12 0.489583 0.661979 0.387500 0.365625
30 12 0.492839 0.660286 0.387500 0.365625
31 12 0.496094 0.658594 0.387500 0.365625
32 12 0.499349 0.656901 0.387500 0.365625
33 12 0.502604 0.655208 0.387500 0.365625
34 12 0.505859 0.653516 0.387500 0.365625
35 12 0.509115 0.651823 0.387500 0.365625
36 12 0.512370 0.650130 0.387500 0.365625
37 12 0.515625 0.648438 0.387500 0.365625
38 12 0.518452 0.647545 0.387500 0.365625
39 12 0.521280 0.646652 0.387500 0.365625
40 12 0.524107 0.645759 0.387500 0.365625
41 12 0.526935 0.644866 0.387500 0.365625
42 12 0.529762 0.643973 0.387500 0.365625
43 12 0.532589 0.643080 0.387500 0.365625
44 12 0.535417 0.642188 0.387500 0.365625
45 12 0.538244 0.641295 0.387500 0.365625
46 12 0.541071 0.640402 0.387500 0.365625
47 12 0.543899 0.639509 0.387500 0.365625
48 12 0.546726 0.638616 0.387500 0.365625
49 12 0.549554 0.637723 0.387500 0.365625
50 12 0.552381 0.636830 0.387500 0.365625
51 12 0.555208 0.635938 0.387500 0.365625
52 12 0.558036 0.635045 0.387500 0.365625
53 12 0.560863 0.634152 0.387500 0.365625
54 12 0.563690 0.633259 0.387500 0.365625
55 12 0.566518 0.632366 0.387500 0.365625
56 12 0.569345 0.631473 0.387500 0.365625
57 12 0.572173 0.630580 0.387500 0.365625
58 12 0.575000 0.629688 0.387500 0.365625
59 12 0.577827 0.628795 0.387500 0.365625
60 12 0.580655 0.627902 0.387500 0.365625
61 12 0.583482 0.627009 0.387500 0.365625
62 12 0.586310 0.626116 0.387500 0.365625
63 12 0.589137 0.625223 0.387500 0.365625
64 12 0.591964 0.624330 0.387500 0.365625
65 12 0.594792 0.623438 0.387500 0.365625
66 12 0.597619 0.622545 0.387500 0.365625
67 12 0.600446 0.621652 0.387500 0.365625
68 12 0.603274 0.620759 0.387500 0.365625
69 12 0.606101 0.619866 0.387500 0.365625
70 12 0.608929 0.618973 0.387500 0.365625
71 12 0.611756 0.618080 0.387500 0.365625
72 12 0.614583 0.617188 0.387500 0.365625
73 12 0.617411 0.616295 0.387500 0.365625
74 12 0.620238 0.615402 0.387500 0.365625
75 12 0.623065 0.614509 0.387500 0.365625
76 12 0.625893 0.613616 0.387500 0.365625
77 12 0.628720 0.612723 0.387500 0.365625
78 12 0.631548 0.611830 0.387500 0.365625
79 12 0.634375 0.610938 0.387500 0.365625
80 12 0.634375 0.607366 0.387500 0.365625
81 12 0.634375 0.603795 0.387500 0.365625
82 12 0.634375 0.600223 0.387500 0.365625
83 12 0.634375 0.596652 0.387500 0.365625
84 12 0.634375 0.593080 0.387500 0.365625
85 12 0.634375 0.589509 0.387500 0.365625
86 12 0.634375 0.585938 0.387500 0.365625
87 12 0.634375 0.582366 0.387500 0.365625
88 12 0.634375 0.578795 0.387500 0.365625
89 12 0.634375 0.575223 0.387500 0.365625
90 12 0.634375 0.571652 0.387500 0.365625
91 12 0.634375 0.568080 0.387500 0.365625
92 12 0.634375 0.564509 0.387500 0.365625
93 12 0.634375 0.560937 0.387500 0.365625
94 12 0.631563 0.571562 0.387500 0.365625
95 12 0.628750 0.582187 0.387500 0.365625
96 12 0.625938 0.592812 0.387500 0.365625
97 12 0.623125 0.603437 0.387500 0.365625
98 12 0.620313 0.614062 0.387500 0.365625
99 12 0.617500 0.624687 0.387500 0.365625
100 12 0.614688 0.635312 0.387500 0.365625
101 12 0.611875 0.645938 0.387500 0.365625
102 12 0.609062 0.656563 0.387500 0.365625
103 12 0.606250 0.667188 0.387500 0.365625
104 12 0.606641 0.665625 0.387500 0.365625
105 12 0.607031 0.664062 0.387500 0.365625
106 12 0.607422 0.662500 0.387500 0.365625
107 12 0.607812 0.660937 0.387500 0.365625
108 12 0.608203 0.659375 0.387500 0.365625
109 12 0.608594 0.657813 0.387500 0.365625
110 12 0.608984 0.656250 0.387500 0.365625
111 12 0.609375 0.654687 0.387500 0.365625
112 12 0.609766 0.653125 0.387500 0.365625
113 12 0.610156 0.651563 0.387500 0.365625
114 12 0.610547 0.650000 0.387500 0.365625
115 12 0.610938 0.648438 0.387500 0.365625
116 12 0.611328 0.646875 0.387500 0.365625
117 12 0.611719 0.645312 0.387500 0.365625
118 12 0.612109 0.643750 0.387500 0.365625
119 12 0.612500 0.642188 0.387500 0.365625
120 12 0.612891 0.640625 0.387500 0.365625
121 12 0.613281 0.639062 0.387500 0.365625
122 12 0.613672 0.637500 0.387500 0.365625
123 12 0.614062 0.635938 0.387500 0.365625
124 12 0.614453 0.634375 0.387500 0.365625
125 12 0.614844 0.632812 0.387500 0.365625
126 12 0.615234 0.631250 0.387500 0.365625
127 12 0.615625 0.629687 0.387500 0.365625
128 12 0.616016 0.628125 0.387500 0.365625
129 12 0.616406 0.626563 0.387500 0.365625
130 12 0.616797 0.625000 0.387500 0.365625
131 12 0.617188 0.623437 0.387500 0.365625
132 12 0.617578 0.621875 0.387500 0.365625
133 12 0.617969 0.620313 0.387500 0.365625
134 12 0.618359 0.618750 0.387500 0.365625
135 12 0.618750 0.617188 0.387500 0.365625
136 12 0.614167 0.613437 0.387500 0.365625
137 12 0.609583 0.609688 0.387500 0.365625
138 12 0.605000 0.605938 0.387500 0.365625
139 12 0.600417 0.602187 0.387500 0.365625
140 12 0.595833 0.598437 0.387500 0.365625
141 12 0.591250 0.594688 0.387500 0.365625
142 12 0.586667 0.590938 0.387500 0.365625
143 12 0.582083 0.587187 0.387500 0.365625
144 12 0.577500 0.583438 0.387500 0.365625
145 12 0.572917 0.579688 0.387500 0.365625
146 12 0.568333 0.575937 0.387500 0.365625
147 12 0.563750 0.572187 0.387500 0.365625
148 12 0.559167 0.568438 0.387500 0.365625
149 12 0.554583 0.564688 0.387500 0.365625
150 12 0.550000 0.560937 0.387500 0.365625
151 12 0.547321 0.568750 0.387500 0.365625
152 12 0.544643 0.576562 0.387500 0.365625
153 12 0.541964 0.584375 0.387500 0.365625
154 12 0.539286 0.592187 0.387500 0.365625
155 12 0.536607 0.600000 0.387500 0.365625
156 12 0.533929 0.607812 0.387500 0.365625
157 12 0.531250 0.615625 0.387500 0.365625
158 12 0.528571 0.623437 0.387500 0.365625
159 12 0.525893 0.631250 0.387500 0.365625
160 12 0.523214 0.639062 0.387500 0.365625
161 12 0.520536 0.646875 0.387500 0.365625
162 12 0.517857 0.654687 0.387500 0.365625
163 12 0.515179 0.662500 0.387500 0.365625
164 12 0.512500 0.670312 0.387500 0.365625
165 12 0.517188 0.672005 0.387500 0.365625
166 12 0.521875 0.673698 0.387500 0.365625
167 12 0.526563 0.675391 0.387500 0.365625
168 12 0.531250 0.677083 0.387500 0.365625
169 12 0.535937 0.678776 0.387500 0.365625
170 12 0.540625 0.680469 0.387500 0.365625
171 12 0.545312 0.682161 0.387500 0.365625
172 12 0.550000 0.683854 0.387500 0.365625
173 12 0.554688 0.685547 0.387500 0.365625
174 12 0.559375 0.687240 0.387500 0.365625
175 12 0.564063 0.688932 0.387500 0.365625
176 12 0.568750 0.690625 0.387500 0.365625
177 12 0.573438 0.692318 0.387500 0.365625
178 12 0.578125 0.694010 0.387500 0.365625
179 12 0.582812 0.695703 0.387500 0.365625
180 12 0.587500 0.697396 0.387500 0.365625
181 12 0.592187 0.699089 0.387500 0.365625
182 12 0.596875 0.700781 0.387500 0.365625
183 12 0.601562 0.702474 0.387500 0.365625
184 12 0.606250 0.704167 0.387500 0.365625
185 12 0.610938 0.705859 0.387500 0.365625
186 12 0.615625 0.707552 0.387500 0.365625
187 12 0.620313 0.709245 0.387500 0.365625
188 12 0.625000 0.710938 0.387500 0.365625
189 12 0.625000 0.703438 0.387500 0.365625
190 12 0.625000 0.695937 0.387500 0.365625
191 12 0.625000 0.688438 0.387500 0.365625
192 12 0.625000 0.680937 0.387500 0.365625
193 12 0.625000 0.673438 0.387500 0.365625
194 12 0.625000 0.665937 0.387500 0.365625
195 12 0.625000 0.658438 0.387500 0.365625
196 12 0.625000 0.650937 0.387500 0.365625
197 12 0.625000 0.643437 0.387500 0.365625
198 12 0.625000 0.635938 0.387500 0.365625
199 12 0.625000 0.628438 0.387500 0.365625
200 12 0.625000 0.620938 0.387500 0.365625
201 12 0.625000 0.613438 0.387500 0.365625
202 12 0.625000 0.605938 0.387500 0.365625
203 12 0.625000 0.598438 0.387500 0.365625
204 12 0.619792 0.591406 0.387500 0.365625
205 12 0.614583 0.584375 0.387500 0.365625
206 12 0.609375 0.577344 0.387500 0.365625
207 12 0.604167 0.570313 0.387500 0.365625
208 12 0.598958 0.563281 0.387500 0.365625
209 12 0.593750 0.556250 0.387500 0.365625
210 12 0.588542 0.549219 0.387500 0.365625
211 12 0.583333 0.542188 0.387500 0.365625
212 12 0.578125 0.535156 0.387500 0.365625
213 12 0.572917 0.528125 0.387500 0.365625
214 12 0.567708 0.521094 0.387500 0.365625
215 12 0.562500 0.514063 0.387500 0.365625
216 12 0.554297 0.518750 0.387500 0.365625
217 12 0.546094 0.523438 0.387500 0.365625
218 12 0.537891 0.528125 0.387500 0.365625
219 12 0.529687 0.532813 0.387500 0.365625
220 12 0.521484 0.537500 0.387500 0.365625
221 12 0.513281 0.542188 0.387500 0.365625
222 12 0.505078 0.546875 0.387500 0.365625
223 12 0.496875 0.551562 0.387500 0.365625
224 12 0.496875 0.572917 0.387500 0.365625
225 12 0.496875 0.594271 0.387500 0.365625
226 12 0.496875 0.615625 0.387500 0.365625
227 12 0.496875 0.636979 0.387500 0.365625
228 12 0.496875 0.658333 0.387500 0.365625
229 12 0.496875 0.679688 0.387500 0.365625
230 12 0.498580 0.687926 0.387500 0.365625
231 12 0.500284 0.696165 0.387500 0.365625
232 12 0.501989 0.704403 0.387500 0.365625
233 12 0.503693 0.712642 0.387500 0.365625
234 12 0.505398 0.720881 0.387500 0.365625
235 12 0.507102 0.729119 0.387500 0.365625
236 12 0.508807 0.737358 0.387500 0.365625
237 12 0.510511 0.745597 0.387500 0.365625
238 12 0.512216 0.753835 0.387500 0.365625
239 12 0.513920 0.762074 0.387500 0.365625
240 12 0.515625 0.770312 0.387500 0.365625
241 12 0.519853 0.772886 0.387500 0.365625
242 12 0.524081 0.775460 0.387500 0.365625
243 12 0.528309 0.778033 0.387500 0.365625
244 12 0.532537 0.780607 0.387500 0.365625
245 12 0.536765 0.783180 0.387500 0.365625
246 12 0.540993 0.785754 0.387500 0.365625
247 12 0.545221 0.788327 0.387500 0.365625
248 12 0.549449 0.790901 0.387500 0.365625
249 12 0.553676 0.793474 0.387500 0.365625
250 12 0.557904 0.796048 0.387500 0.365625
251 12 0.562132 0.798621 0.387500 0.365625
252 12 0.566360 0.801195 0.387500 0.365625
253 12 0.570588 0.803768 0.387500 0.365625
254 12 0.574816 0.806342 0.387500 0.365625
255 12 0.579044 0.808915 0.387500 0.365625
256 12 0.583272 0.811489 0.387500 0.365625
257 12 0.587500 0.814062 0.387500 0.365625
258 12 0.595673 0.809976 0.387500 0.365625
259 12 0.603846 0.805889 0.387500 0.365625
260 12 0.612019 0.801803 0.387500 0.365625
261 12 0.620192 0.797716 0.387500 0.365625
262 12 0.628365 0.793630 0.387500 0.365625
263 12 0.636538 0.789543 0.387500 0.365625
264 12 0.644712 0.785457 0.387500 0.365625
265 12 0.652885 0.781370 0.387500 0.365625
266 12 0.661058 0.777284 0.387500 0.365625
267 12 0.669231 0.773197 0.387500 0.365625
268 12 0.677404 0.769111 0.387500 0.365625
269 12 0.685577 0.765024 0.387500 0.365625
270 12 0.693750 0.760937 0.387500 0.365625
271 12 0.697187 0.752812 0.387500 0.365625
272 12 0.700625 0.744687 0.387500 0.365625
273 12 0.704063 0.736562 0.387500 0.365625
274 12 0.707500 0.728437 0.387500 0.365625
275 12 0.710938 0.720312 0.387500 0.365625
276 12 0.714375 0.712187 0.387500 0.365625
277 12 0.717812 0.704063 0.387500 0.365625
278 12 0.721250 0.695937 0.387500 0.365625
279 12 0.724688 0.687813 0.387500 0.365625
280 12 0.728125 0.679688 0.387500 0.365625
281 12 0.724777 0.674777 0.387500 0.365625
282 12 0.721429 0.669866 0.387500 0.365625
283 12 0.718080 0.664955 0.387500 0.365625
284 12 0.714732 0.660045 0.387500 0.365625
285 12 0.711384 0.655134 0.387500 0.365625
286 12 0.708036 0.650223 0.387500 0.365625
287 12 0.704688 0.645312 0.387500 0.365625
288 12 0.701339 0.640402 0.387500 0.365625
289 12 0.697991 0.635491 0.387500 0.365625
290 12 0.694643 0.630580 0.387500 0.365625
291 12 0.691295 0.625670 0.387500 0.365625
292 12 0.687946 0.620759 0.387500 0.365625
293 12 0.684598 0.615848 0.387500 0.365625
294 12 0.681250 0.610937 0.387500 0.365625
295 12 0.673317 0.607332 0.387500 0.365625
296 12 0.665385 0.603726 0.387500 0.365625
297 12 0.657452 0.600120 0.387500 0.365625
298 12 0.649519 0.596514 0.387500 0.365625
299 12 0.641587 0.592909 0.387500 0.365625
300 12 0.633654 0.589303 0.387500 0.365625
301 12 0.625721 0.585697 0.387500 0.365625
302 12 0.617788 0.582091 0.387500 0.365625
303 12 0.609856 0.578486 0.387500 0.365625
304 12 0.601923 0.574880 0.387500 0.365625
305 12 0.593990 0.571274 0.387500 0.365625
306 12 0.586058 0.567668 0.387500 0.365625
307 12 0.578125 0.564063 0.387500 0.365625
308 12 0.566016 0.557031 0.387500 0.365625
309 12 0.553906 0.550000 0.387500 0.365625
310 12 0.541797 0.542969 0.387500 0.365625
311 12 0.529687 0.535937 0.387500 0.365625
312 12 0.517578 0.528906 0.387500 0.365625
313 12 0.505469 0.521875 0.387500 0.365625
314 12 0.493359 0.514844 0.387500 0.365625
315 12 0.481250 0.507812 0.387500 0.365625
316 12 0.475938 0.500938 0.387500 0.365625
317 12 0.470625 0.494063 0.387500 0.365625
318 12 0.465313 0.487187 0.387500 0.365625
319 12 0.460000 0.480312 0.387500 0.365625
320 12 0.454687 0.473438 0.387500 0.365625
321 12 0.449375 0.466562 0.387500 0.365625
322 12 0.444062 0.459688 0.387500 0.365625
323 12 0.438750 0.452813 0.387500 0.365625
324 12 0.433437 0.445937 0.387500 0.365625
325 12 0.428125 0.439063 0.387500 0.365625
326 12 0.427083 0.450174 0.387500 0.365625
327 12 0.426042 0.461285 0.387500 0.365625
328 12 0.425000 0.472396 0.387500 0.365625
329 12 0.423958 0.483507 0.387500 0.365625
330 12 0.422917 0.494618 0.387500 0.365625
331 12 0.421875 0.505729 0.387500 0.365625
332 12 0.420833 0.516840 0.387500 0.365625
333 12 0.419792 0.527951 0.387500 0.365625
334 12 0.418750 0.539062 0.387500 0.365625
335 12 0.429427 0.544792 0.387500 0.365625
336 12 0.440104 0.550521 0.387500 0.365625
337 12 0.450781 0.556250 0.387500 0.365625
338 12 0.461458 0.561979 0.387500 0.365625
339 12 0.472135 0.567708 0.387500 0.365625
340 12 0.482812 0.573438 0.387500 0.365625
341 12 0.493490 0.579167 0.387500 0.365625
342 12 0.504167 0.584896 0.387500 0.365625
343 12 0.514844 0.590625 0.387500 0.365625
344 12 0.525521 0.596354 0.387500 0.365625
345 12 0.536198 0.602083 0.387500 0.365625
346 12 0.546875 0.607812 0.387500 0.365625
347 12 0.558036 0.616295 0.387500 0.365625
348 12 0.569196 0.624777 0.387500 0.365625
349 12 0.580357 0.633259 0.387500 0.365625
350 12 0.591518 0.641741 0.387500 0.365625
351 12 0.602679 0.650223 0.387500 0.365625
352 12 0.613839 0.658705 0.387500 0.365625
353 12 0.625000 0.667188 0.387500 0.365625
354 12 0.632212 0.663341 0.387500 0.365625
355 12 0.639423 0.659495 0.387500 0.365625
356 12 0.646635 0.655649 0.387500 0.365625
357 12 0.653846 0.651803 0.387500 0.365625
358 12 0.661058 0.647957 0.387500 0.365625
359 12 0.668269 0.644111 0.387500 0.365625
360 12 0.675481 0.640264 0.387500 0.365625
361 12 0.682692 0.636418 0.387500 0.365625
362 12 0.689904 0.632572 0.387500 0.365625
363 12 0.697115 0.628726 0.387500 0.365625
364 12 0.704327 0.624880 0.387500 0.365625
365 12 0.711538 0.621034 0.387500 0.365625
366 12 0.718750 0.617188 0.387500 0.365625
367 12 0.719097 0.613889 0.387500 0.365625
368 12 0.719444 0.610590 0.387500 0.365625
369 12 0.719792 0.607292 0.387500 0.365625
370 12 0.720139 0.603993 0.387500 0.365625
371 12 0.720486 0.600694 0.387500 0.365625
372 12 0.720833 0.597396 0.387500 0.365625
373 12 0.721181 0.594097 0.387500 0.365625
374 12 0.721528 0.590799 0.387500 0.365625
375 12 0.721875 0.587500 0.387500 0.365625
376 12 0.722222 0.584201 0.387500 0.365625
377 12 0.722569 0.580903 0.387500 0.365625
378 12 0.722917 0.577604 0.387500 0.365625
379 12 0.723264 0.574306 0.387500 0.365625
380 12 0.723611 0.571007 0.387500 0.365625
381 12 0.723958 0.567708 0.387500 0.365625
382 12 0.724306 0.564410 0.387500 0.365625
383 12 0.724653 0.561111 0.387500 0.365625
384 12 0.725000 0.557813 0.387500 0.365625
385 12 0.724219 0.533594 0.387500 0.365625
386 12 0.723437 0.509375 0.387500 0.365625
387 12 0.722656 0.485156 0.387500 0.365625
388 12 0.721875 0.460938 0.387500 0.365625
389 12 0.721875 0.460938 0.387500 0.365625
390 12 0.721875 0.460938 0.387500 0.365625
391 12 0.721875 0.460938 0.387500 0.365625
392 12 0.721875 0.460938 0.387500 0.365625
393 12 0.721875 0.460938 0.387500 0.365625
394 12 0.721875 0.460938 0.387500 0.365625
395 12 0.721875 0.460938 0.387500 0.365625
396 12 0.721875 0.460938 0.387500 0.365625
397 12 0.721875 0.460938 0.387500 0.365625
398 12 0.721875 0.460938 0.387500 0.365625
399 12 0.721875 0.460938 0.387500 0.365625
400 12 0.721875 0.460938 0.387500 0.365625
401 12 0.721875 0.460938 0.387500 0.365625
402 12 0.721875 0.460938 0.387500 0.365625
403 12 0.721875 0.460938 0.387500 0.365625
404 12 0.721875 0.460938 0.387500 0.365625
405 12 0.721875 0.460938 0.387500 0.365625
