5 14 0.756250 0.810937 0.425000 0.378125
6 14 0.754861 0.802951 0.425000 0.378125
7 14 0.753472 0.794965 0.425000 0.378125
8 14 0.752083 0.786979 0.425000 0.378125
9 14 0.750694 0.778993 0.425000 0.378125
10 14 0.749306 0.771007 0.425000 0.378125
11 14 0.747917 0.763021 0.425000 0.378125
12 14 0.746528 0.755035 0.425000 0.378125
13 14 0.745139 0.747049 0.425000 0.378125
14 14 0.743750 0.739062 0.425000 0.378125
15 14 0.739062 0.714844 0.425000 0.378125
16 14 0.734375 0.690625 0.425000 0.378125
17 14 0.729688 0.666406 0.425000 0.378125
18 14 0.725000 0.642187 0.425000 0.378125
19 14 0.722917 0.625521 0.425000 0.378125
20 14 0.720833 0.608854 0.425000 0.378125
21 14 0.718750 0.592187 0.425000 0.378125
22 14 0.706250 0.568229 0.425000 0.378125
23 14 0.693750 0.544271 0.425000 0.378125
24 14 0.681250 0.520312 0.425000 0.378125
25 14 0.670312 0.500000 0.425000 0.378125
26 14 0.659375 0.479687 0.425000 0.378125
27 14 0.648438 0.459375 0.425000 0.378125
28 14 0.637500 0.439063 0.425000 0.378125
29 14 0.618750 0.415625 0.425000 0.378125
30 14 0.600000 0.392188 0.425000 0.378125
31 14 0.581250 0.368750 0.425000 0.378125
32 14 0.562500 0.345313 0.425000 0.378125
33 14 0.555208 0.335417 0.425000 0.378125
34 14 0.547917 0.325521 0.425000 0.378125
35 14 0.540625 0.315625 0.425000 0.378125
36 14 0.533333 0.305729 0.425000 0.378125
37 14 0.526042 0.295833 0.425000 0.378125
38 14 0.518750 0.285938 0.425000 0.378125
39 14 0.511458 0.276042 0.425000 0.378125
40 14 0.504167 0.266146 0.425000 0.378125
41 14 0.496875 0.256250 0.425000 0.378125
42 14 0.489583 0.246354 0.425000 0.378125
43 14 0.482292 0.236458 0.425000 0.378125
44 14 0.475000 0.226562 0.425000 0.378125
45 14 0.485156 0.246094 0.425000 0.378125
46 14 0.495312 0.265625 0.425000 0.378125
47 14 0.505469 0.285156 0.425000 0.378125
48 4 0.515625 0.304688 0.425000 0.378125
49 4 0.535156 0.361719 0.425000 0.378125
50 4 0.554688 0.418750 0.425000 0.378125
51 4 0.574219 0.475781 0.425000 0.378125
52 4 0.593750 0.532813 0.425000 0.378125
53 4 0.609375 0.554688 0.425000 0.378125
54 4 0.625000 0.576562 0.425000 0.378125
55 4 0.653125 0.593750 0.425000 0.378125
56 4 0.681250 0.610938 0.425000 0.378125
57 4 0.714063 0.653125 0.425000 0.378125
58 4 0.746875 0.695312 0.425000 0.378125
59 4 0.744853 0.691452 0.425000 0.378125
60 4 0.742831 0.687592 0.425000 0.378125
61 4 0.740809 0.683732 0.425000 0.378125
62 4 0.738787 0.679871 0.425000 0.378125
63 4 0.736765 0.676011 0.425000 0.378125
64 4 0.734743 0.672151 0.425000 0.378125
65 4 0.732721 0.668290 0.425000 0.378125
66 4 0.730699 0.664430 0.425000 0.378125
67 4 0.728676 0.660570 0.425000 0.378125
68 4 0.726654 0.656710 0.425000 0.378125
69 4 0.724632 0.652849 0.425000 0.378125
70 4 0.722610 0.648989 0.425000 0.378125
71 4 0.720588 0.645129 0.425000 0.378125
72 4 0.718566 0.641268 0.425000 0.378125
73 4 0.716544 0.637408 0.425000 0.378125
74 4 0.714522 0.633548 0.425000 0.378125
75 14 0.712500 0.629688 0.425000 0.378125
75 4 0.712500 0.629688 0.425000 0.378125
76 14 0.697917 0.600521 0.425000 0.378125
77 14 0.683333 0.571354 0.425000 0.378125
78 14 0.668750 0.542188 0.425000 0.378125
79 14 0.650000 0.507812 0.425000 0.378125
80 14 0.631250 0.473438 0.425000 0.378125
81 14 0.620625 0.449062 0.425000 0.378125
82 14 0.610000 0.424687 0.425000 0.378125
83 14 0.599375 0.400313 0.425000 0.378125
84 14 0.588750 0.375937 0.425000 0.378125
85 14 0.578125 0.351562 0.425000 0.378125
86 14 0.576471 0.356342 0.425000 0.378125
87 14 0.574816 0.361121 0.425000 0.378125
88 14 0.573162 0.365901 0.425000 0.378125
89 14 0.571507 0.370680 0.425000 0.378125
90 14 0.569853 0.375460 0.425000 0.378125
91 14 0.568199 0.380239 0.425000 0.378125
92 14 0.566544 0.385018 0.425000 0.378125
93 14 0.564890 0.389798 0.425000 0.378125
94 14 0.563235 0.394577 0.425000 0.378125
95 14 0.561581 0.399357 0.425000 0.378125
96 14 0.559926 0.404136 0.425000 0.378125
97 4 0.537891 0.384766 0.425000 0.378125
98 4 0.547227 0.413633 0.425000 0.378125
99 4 0.556562 0.442500 0.425000 0.378125
100 4 0.565898 0.471367 0.425000 0.378125
101 4 0.575234 0.500234 0.425000 0.378125
102 4 0.584570 0.529102 0.425000 0.378125
103 4 0.593906 0.557969 0.425000 0.378125
104 4 0.603242 0.586836 0.425000 0.378125
105 4 0.612578 0.615703 0.425000 0.378125
106 4 0.621914 0.644570 0.425000 0.378125
107 4 0.631250 0.673438 0.425000 0.378125
108 4 0.664062 0.717187 0.425000 0.378125
109 4 0.696875 0.760938 0.425000 0.378125
110 4 0.696875 0.757528 0.425000 0.378125
111 4 0.696875 0.754119 0.425000 0.378125
112 4 0.696875 0.750710 0.425000 0.378125
113 4 0.696875 0.747301 0.425000 0.378125
114 4 0.696875 0.743892 0.425000 0.378125
115 4 0.696875 0.740483 0.425000 0.378125
116 4 0.696875 0.737074 0.425000 0.378125
117 4 0.696875 0.733665 0.425000 0.378125
118 4 0.696875 0.730256 0.425000 0.378125
119 4 0.696875 0.726847 0.425000 0.378125
120 4 0.696875 0.723437 0.425000 0.378125
121 4 0.696875 0.720028 0.425000 0.378125
122 4 0.696875 0.716619 0.425000 0.378125
123 4 0.696875 0.713210 0.425000 0.378125
124 4 0.696875 0.709801 0.425000 0.378125
125 4 0.696875 0.706392 0.425000 0.378125
126 4 0.696875 0.702983 0.425000 0.378125
127 4 0.696875 0.699574 0.425000 0.378125
128 4 0.696875 0.696165 0.425000 0.378125
129 4 0.696875 0.692756 0.425000 0.378125
130 4 0.696875 0.689347 0.425000 0.378125
131 4 0.696875 0.685937 0.425000 0.378125
133 14 0.671875 0.629687 0.425000 0.378125
134 14 0.662500 0.601562 0.425000 0.378125
135 14 0.653125 0.573438 0.425000 0.378125
136 14 0.643750 0.545312 0.425000 0.378125
137 14 0.631250 0.521354 0.425000 0.378125
138 14 0.618750 0.497396 0.425000 0.378125
139 14 0.606250 0.473438 0.425000 0.378125
140 14 0.601562 0.451562 0.425000 0.378125
141 14 0.596875 0.429688 0.425000 0.378125
142 14 0.592187 0.407813 0.425000 0.378125
143 14 0.587500 0.385937 0.425000 0.378125
144 14 0.583594 0.376172 0.425000 0.378125
145 14 0.579688 0.366406 0.425000 0.378125
146 14 0.575781 0.356641 0.425000 0.378125
147 14 0.571875 0.346875 0.425000 0.378125
148 14 0.567969 0.337109 0.425000 0.378125
149 14 0.564063 0.327344 0.425000 0.378125
150 14 0.560156 0.317578 0.425000 0.378125
151 4 0.556250 0.307812 0.425000 0.378125
152 4 0.557813 0.314688 0.425000 0.378125
153 4 0.559375 0.321562 0.425000 0.378125
154 4 0.560937 0.328437 0.425000 0.378125
155 4 0.562500 0.335313 0.425000 0.378125
156 4 0.564063 0.342187 0.425000 0.378125
157 4 0.565625 0.349062 0.425000 0.378125
158 4 0.567187 0.355938 0.425000 0.378125
159 4 0.568750 0.362812 0.425000 0.378125
160 4 0.570312 0.369688 0.425000 0.378125
161 4 0.571875 0.376563 0.425000 0.378125
162 4 0.579167 0.397396 0.425000 0.378125
163 4 0.586458 0.418229 0.425000 0.378125
164 4 0.593750 0.439063 0.425000 0.378125
165 4 0.662500 0.554688 0.425000 0.378125
166 4 0.718750 0.629687 0.425000 0.378125
167 4 0.737500 0.659375 0.425000 0.378125
168 4 0.756250 0.689063 0.425000 0.378125
169 4 0.753125 0.754687 0.425000 0.378125
170 4 0.762500 0.781250 0.425000 0.378125
171 4 0.771875 0.807813 0.425000 0.378125
172 14 0.770312 0.806250 0.425000 0.378125
173 14 0.768750 0.804688 0.425000 0.378125
174 14 0.767188 0.803125 0.425000 0.378125
175 14 0.765625 0.801562 0.425000 0.378125
176 14 0.764062 0.800000 0.425000 0.378125
177 14 0.762500 0.798438 0.425000 0.378125
178 14 0.760938 0.796875 0.425000 0.378125
179 14 0.759375 0.795312 0.425000 0.378125
180 14 0.757812 0.793750 0.425000 0.378125
181 14 0.756250 0.792188 0.425000 0.378125
182 14 0.754687 0.790625 0.425000 0.378125
183 14 0.753125 0.789062 0.425000 0.378125
184 14 0.751563 0.787500 0.425000 0.378125
185 14 0.750000 0.785937 0.425000 0.378125
186 14 0.748437 0.784375 0.425000 0.378125
187 14 0.746875 0.782813 0.425000 0.378125
188 14 0.745313 0.781250 0.425000 0.378125
189 14 0.743750 0.779687 0.425000 0.378125
190 14 0.742188 0.778125 0.425000 0.378125
191 14 0.740625 0.776563 0.425000 0.378125
192 14 0.721875 0.692187 0.425000 0.378125
193 14 0.708594 0.661719 0.425000 0.378125
194 14 0.695313 0.631250 0.425000 0.378125
195 14 0.682031 0.600781 0.425000 0.378125
196 14 0.668750 0.570312 0.425000 0.378125
197 14 0.656250 0.545312 0.425000 0.378125
198 14 0.643750 0.520312 0.425000 0.378125
199 14 0.631250 0.495312 0.425000 0.378125
200 14 0.618750 0.470312 0.425000 0.378125
201 14 0.613281 0.448437 0.425000 0.378125
202 14 0.607813 0.426562 0.425000 0.378125
203 14 0.602344 0.404687 0.425000 0.378125
204 14 0.596875 0.382812 0.425000 0.378125
205 14 0.590000 0.370312 0.425000 0.378125
206 14 0.583125 0.357812 0.425000 0.378125
207 14 0.576250 0.345313 0.425000 0.378125
208 14 0.569375 0.332813 0.425000 0.378125
209 14 0.562500 0.320312 0.425000 0.378125
210 14 0.563920 0.329688 0.425000 0.378125
211 14 0.565341 0.339062 0.425000 0.378125
212 14 0.566761 0.348438 0.425000 0.378125
213 14 0.568182 0.357812 0.425000 0.378125
214 14 0.569602 0.367188 0.425000 0.378125
215 14 0.571023 0.376563 0.425000 0.378125
216 14 0.572443 0.385937 0.425000 0.378125
217 14 0.573864 0.395313 0.425000 0.378125
218 14 0.575284 0.404687 0.425000 0.378125
219 14 0.576705 0.414062 0.425000 0.378125
220 4 0.578125 0.423438 0.425000 0.378125
221 4 0.604688 0.482812 0.425000 0.378125
222 4 0.631250 0.542188 0.425000 0.378125
223 4 0.676562 0.606250 0.425000 0.378125
224 4 0.721875 0.670312 0.425000 0.378125
225 4 0.748438 0.720313 0.425000 0.378125
226 4 0.775000 0.770312 0.425000 0.378125
227 4 0.772656 0.766183 0.425000 0.378125
228 4 0.770313 0.762054 0.425000 0.378125
229 4 0.767969 0.757924 0.425000 0.378125
230 4 0.765625 0.753795 0.425000 0.378125
231 4 0.763281 0.749665 0.425000 0.378125
232 4 0.760938 0.745536 0.425000 0.378125
233 14 0.782898 0.747812 0.425000 0.378125
234 14 0.779397 0.743378 0.425000 0.378125
235 14 0.775896 0.738943 0.425000 0.378125
236 14 0.772394 0.734509 0.425000 0.378125
237 14 0.768893 0.730074 0.425000 0.378125
238 14 0.765392 0.725640 0.425000 0.378125
239 14 0.761891 0.721205 0.425000 0.378125
240 14 0.758390 0.716771 0.425000 0.378125
241 14 0.754889 0.712336 0.425000 0.378125
242 14 0.751388 0.707902 0.425000 0.378125
243 14 0.747887 0.703467 0.425000 0.378125
244 14 0.744386 0.699033 0.425000 0.378125
245 14 0.740885 0.694598 0.425000 0.378125
246 14 0.737384 0.690164 0.425000 0.378125
247 14 0.733883 0.685729 0.425000 0.378125
248 14 0.730381 0.681295 0.425000 0.378125
249 14 0.726880 0.676860 0.425000 0.378125
250 14 0.723379 0.672426 0.425000 0.378125
251 14 0.719878 0.667991 0.425000 0.378125
252 14 0.716377 0.663557 0.425000 0.378125
253 14 0.712876 0.659122 0.425000 0.378125
254 14 0.709375 0.654687 0.425000 0.378125
255 14 0.702083 0.627604 0.425000 0.378125
256 14 0.694792 0.600521 0.425000 0.378125
257 14 0.687500 0.573438 0.425000 0.378125
258 14 0.676563 0.554688 0.425000 0.378125
259 14 0.665625 0.535937 0.425000 0.378125
260 14 0.652083 0.501563 0.425000 0.378125
261 14 0.638542 0.467187 0.425000 0.378125
262 14 0.625000 0.432812 0.425000 0.378125
263 14 0.609375 0.414844 0.425000 0.378125
264 14 0.593750 0.396875 0.425000 0.378125
265 14 0.578125 0.378906 0.425000 0.378125
266 14 0.562500 0.360938 0.425000 0.378125
267 14 0.556875 0.354063 0.425000 0.378125
268 14 0.551250 0.347187 0.425000 0.378125
269 14 0.545625 0.340313 0.425000 0.378125
270 14 0.540000 0.333437 0.425000 0.378125
271 14 0.534375 0.326562 0.425000 0.378125
272 14 0.536806 0.332465 0.425000 0.378125
273 14 0.539236 0.338368 0.425000 0.378125
274 14 0.541667 0.344271 0.425000 0.378125
275 14 0.544097 0.350174 0.425000 0.378125
276 14 0.546528 0.356076 0.425000 0.378125
277 14 0.548958 0.361979 0.425000 0.378125
278 14 0.551389 0.367882 0.425000 0.378125
279 14 0.553819 0.373785 0.425000 0.378125
280 4 0.556250 0.379688 0.425000 0.378125
281 4 0.571875 0.448437 0.425000 0.378125
282 4 0.587500 0.517188 0.425000 0.378125
283 4 0.614062 0.564063 0.425000 0.378125
284 4 0.640625 0.610938 0.425000 0.378125
285 4 0.675000 0.679688 0.425000 0.378125
286 4 0.688542 0.706771 0.425000 0.378125
287 4 0.702083 0.733854 0.425000 0.378125
288 4 0.715625 0.760938 0.425000 0.378125
289 4 0.715179 0.758259 0.425000 0.378125
290 4 0.714732 0.755580 0.425000 0.378125
291 4 0.714286 0.752902 0.425000 0.378125
292 4 0.713839 0.750223 0.425000 0.378125
293 4 0.713393 0.747545 0.425000 0.378125
294 4 0.712946 0.744866 0.425000 0.378125
295 14 0.712500 0.742188 0.425000 0.378125
296 14 0.712054 0.739509 0.425000 0.378125
297 14 0.711607 0.736830 0.425000 0.378125
298 14 0.711161 0.734152 0.425000 0.378125
299 14 0.710714 0.731473 0.425000 0.378125
300 14 0.710268 0.728795 0.425000 0.378125
301 14 0.709821 0.726116 0.425000 0.378125
302 14 0.709375 0.723438 0.425000 0.378125
303 14 0.708929 0.720759 0.425000 0.378125
304 14 0.708482 0.718080 0.425000 0.378125
305 14 0.708036 0.715402 0.425000 0.378125
306 14 0.707589 0.712723 0.425000 0.378125
307 14 0.707143 0.710045 0.425000 0.378125
308 14 0.706696 0.707366 0.425000 0.378125
309 14 0.706250 0.704688 0.425000 0.378125
310 14 0.705804 0.702009 0.425000 0.378125
311 14 0.705357 0.699330 0.425000 0.378125
312 14 0.704911 0.696652 0.425000 0.378125
313 14 0.704464 0.693973 0.425000 0.378125
314 14 0.704018 0.691295 0.425000 0.378125
315 14 0.703571 0.688616 0.425000 0.378125
316 14 0.703125 0.685937 0.425000 0.378125
317 14 0.696875 0.649479 0.425000 0.378125
318 14 0.690625 0.613021 0.425000 0.378125
319 14 0.684375 0.576563 0.425000 0.378125
320 14 0.676562 0.563281 0.425000 0.378125
321 14 0.668750 0.550000 0.425000 0.378125
322 14 0.660937 0.536719 0.425000 0.378125
323 14 0.653125 0.523438 0.425000 0.378125
324 14 0.625000 0.456250 0.425000 0.378125
325 14 0.596875 0.389062 0.425000 0.378125
326 14 0.591941 0.385556 0.425000 0.378125
327 14 0.587007 0.382049 0.425000 0.378125
328 14 0.582072 0.378542 0.425000 0.378125
329 14 0.577138 0.375035 0.425000 0.378125
330 14 0.572204 0.371529 0.425000 0.378125
331 14 0.567270 0.368022 0.425000 0.378125
332 14 0.562336 0.364515 0.425000 0.378125
333 14 0.557401 0.361008 0.425000 0.378125
334 14 0.552467 0.357501 0.425000 0.378125
335 14 0.547533 0.353995 0.425000 0.378125
336 14 0.542599 0.350488 0.425000 0.378125
337 14 0.537664 0.346981 0.425000 0.378125
338 14 0.532730 0.343474 0.425000 0.378125
339 14 0.527796 0.339968 0.425000 0.378125
340 14 0.522862 0.336461 0.425000 0.378125
341 14 0.532771 0.354725 0.425000 0.378125
342 14 0.542681 0.372989 0.425000 0.378125
343 14 0.552590 0.391253 0.425000 0.378125
344 4 0.562500 0.409517 0.425000 0.378125
345 4 0.573958 0.444366 0.425000 0.378125
346 4 0.585417 0.479214 0.425000 0.378125
347 4 0.596875 0.514062 0.425000 0.378125
348 4 0.653125 0.589063 0.425000 0.378125
349 4 0.682813 0.667188 0.425000 0.378125
350 4 0.712500 0.745313 0.425000 0.378125
351 4 0.753125 0.767188 0.425000 0.378125
352 4 0.763542 0.780729 0.425000 0.378125
353 4 0.773958 0.794271 0.425000 0.378125
354 4 0.784375 0.807813 0.425000 0.378125
355 4 0.783173 0.805649 0.425000 0.378125
356 4 0.781971 0.803486 0.425000 0.378125
357 4 0.780769 0.801322 0.425000 0.378125
358 4 0.779567 0.799159 0.425000 0.378125
359 4 0.778365 0.796995 0.425000 0.378125
360 4 0.777163 0.794832 0.425000 0.378125
361 4 0.775962 0.792668 0.425000 0.378125
362 4 0.774760 0.790505 0.425000 0.378125
363 4 0.773558 0.788341 0.425000 0.378125
364 4 0.772356 0.786178 0.425000 0.378125
365 4 0.771154 0.784014 0.425000 0.378125
366 4 0.769952 0.781851 0.425000 0.378125
367 14 0.768750 0.779688 0.425000 0.378125
368 14 0.767548 0.777524 0.425000 0.378125
369 14 0.766346 0.775361 0.425000 0.378125
370 14 0.765144 0.773197 0.425000 0.378125
371 14 0.763942 0.771034 0.425000 0.378125
372 14 0.762740 0.768870 0.425000 0.378125
373 14 0.761538 0.766707 0.425000 0.378125
374 14 0.760337 0.764543 0.425000 0.378125
375 14 0.759135 0.762380 0.425000 0.378125
376 14 0.757933 0.760216 0.425000 0.378125
377 14 0.756731 0.758053 0.425000 0.378125
378 14 0.755529 0.755889 0.425000 0.378125
379 14 0.754327 0.753726 0.425000 0.378125
380 14 0.753125 0.751563 0.425000 0.378125
381 14 0.733594 0.721875 0.425000 0.378125
382 14 0.714063 0.692188 0.425000 0.378125
383 14 0.694531 0.662500 0.425000 0.378125
384 14 0.675000 0.632813 0.425000 0.378125
385 14 0.658333 0.584896 0.425000 0.378125
386 14 0.641667 0.536979 0.425000 0.378125
387 14 0.625000 0.489063 0.425000 0.378125
388 14 0.614583 0.469271 0.425000 0.378125
389 14 0.604167 0.449479 0.425000 0.378125
390 14 0.593750 0.429688 0.425000 0.378125
391 14 0.583333 0.409896 0.425000 0.378125
392 14 0.572917 0.390104 0.425000 0.378125
393 14 0.562500 0.370312 0.425000 0.378125
394 14 0.562500 0.370312 0.425000 0.378125
395 14 0.562500 0.370312 0.425000 0.378125
396 14 0.562500 0.370312 0.425000 0.378125
397 14 0.562500 0.370312 0.425000 0.378125
398 14 0.562500 0.370312 0.425000 0.378125
399 14 0.562500 0.370312 0.425000 0.378125
400 14 0.562500 0.370312 0.425000 0.378125
401 14 0.562500 0.370312 0.425000 0.378125
402 14 0.562500 0.370312 0.425000 0.378125
403 14 0.562500 0.370312 0.425000 0.378125
404 14 0.562500 0.370312 0.425000 0.378125
405 14 0.562500 0.370312 0.425000 0.378125
